1.000000000000000000e+00 0.000000000000000000e+00 0.000000000000000000e+00
8.090276307632983110e-01 5.877891385123605872e-01 0.000000000000000000e+00
3.090609236690015638e-01 9.510698198861653463e-01 0.000000000000000000e+00
-3.089338870482214450e-01 9.510970799942224385e-01 0.000000000000000000e+00
-8.089125823517683278e-01 5.878468861885565167e-01 0.000000000000000000e+00
-9.998506491835915666e-01 3.377545887640540767e-05 0.000000000000000000e+00
-8.087028234423844220e-01 -5.877770764787006996e-01 0.000000000000000000e+00
-3.084251288732668406e-01 -9.508965743170137985e-01 0.000000000000000000e+00
3.097777275292861177e-01 -9.504510946887210210e-01 0.000000000000000000e+00
8.095559807750976056e-01 -5.866049559939476854e-01 0.000000000000000000e+00
9.999071339494299826e-01 1.489492566000241280e-03 0.000000000000000000e+00
8.082442855346071431e-01 5.890492059311204232e-01 0.000000000000000000e+00
3.079659547285671928e-01 9.517187650604692628e-01 0.000000000000000000e+00
-3.098438077262008483e-01 9.511898136648248014e-01 0.000000000000000000e+00
-8.094161989545886060e-01 5.877332831666582935e-01 0.000000000000000000e+00
-1.000046237034848406e+00 -1.301062271410252446e-05 0.000000000000000000e+00
-8.087273865111984650e-01 -5.877126571247047737e-01 0.000000000000000000e+00
-3.082713261665029902e-01 -9.507095887833189041e-01 0.000000000000000000e+00
3.101024429713472030e-01 -9.499729291321413749e-01 0.000000000000000000e+00
8.097956558698629070e-01 -5.856559859266443624e-01 0.000000000000000000e+00
9.996490939292872469e-01 2.783226085202641139e-03 0.000000000000000000e+00
8.073006605838554117e-01 5.902141769503257418e-01 0.000000000000000000e+00
3.066069403354809708e-01 9.522875657937490690e-01 0.000000000000000000e+00
-3.110874967017718262e-01 9.510893647364961900e-01 0.000000000000000000e+00
-8.101868181884424036e-01 5.873040994013508653e-01 0.000000000000000000e+00
-1.000378868071007066e+00 -3.677437692774420059e-04 0.000000000000000000e+00
-8.088562532677630035e-01 -5.878414001031141423e-01 0.000000000000000000e+00
-3.083206952734636186e-01 -9.506557273007717468e-01 0.000000000000000000e+00
3.101347155711628445e-01 -9.497106172198013230e-01 0.000000000000000000e+00
8.097933367308011166e-01 -5.850462999554481014e-01 0.000000000000000000e+00
9.992888957570904562e-01 3.726942263283918554e-03 0.000000000000000000e+00
8.063265205740623998e-01 5.911347780740521252e-01 0.000000000000000000e+00
3.051578116160107990e-01 9.526910537126437317e-01 0.000000000000000000e+00
-3.125130295275790893e-01 9.507684192184181482e-01 0.000000000000000000e+00
-8.111246160399810945e-01 5.865211638753583534e-01 0.000000000000000000e+00
-1.000751135745048703e+00 -1.131136798045035254e-03 0.000000000000000000e+00
-8.089287306110646281e-01 -5.882925123290725367e-01 0.000000000000000000e+00
-3.083602346030906438e-01 -9.508150925989196089e-01 0.000000000000000000e+00
3.100621638678722758e-01 -9.496775055950392730e-01 0.000000000000000000e+00
8.096687291503283923e-01 -5.847870795939216215e-01 0.000000000000000000e+00
9.989235138387072555e-01 4.254620516307961418e-03 0.000000000000000000e+00
8.054637128459285478e-01 5.917170303195792291e-01 0.000000000000000000e+00
3.038110790575428988e-01 9.528812568587152754e-01 0.000000000000000000e+00
-3.139311504884474413e-01 9.502561456991480693e-01 0.000000000000000000e+00
-8.120922421373205635e-01 5.854440543608396830e-01 0.000000000000000000e+00
-1.001058968744806377e+00 -2.285600705877857946e-03 0.000000000000000000e+00
-8.088031153492776237e-01 -5.890992556012061288e-01 0.000000000000000000e+00
-3.081807395659666438e-01 -9.512037374435149406e-01 0.000000000000000000e+00
3.101042511463964479e-01 -9.498186183460697318e-01 0.000000000000000000e+00
8.095799728357996328e-01 -5.847871044488244241e-01 0.000000000000000000e+00
9.986571202279912463e-01 4.417120910781366198e-03 0.000000000000000000e+00
8.048330996846945196e-01 5.919558256403510965e-01 0.000000000000000000e+00
3.027402121742640562e-01 9.528605928536930669e-01 0.000000000000000000e+00
-3.151562999721910785e-01 9.496237694021910647e-01 0.000000000000000000e+00
-8.129526369240939188e-01 5.842029573713196644e-01 0.000000000000000000e+00
-1.001223138768863485e+00 -3.709791112938939060e-03 0.000000000000000000e+00
-8.083988708161022885e-01 -5.901943331070023113e-01 0.000000000000000000e+00
-3.076398483904447256e-01 -9.517706408431676479e-01 0.000000000000000000e+00
3.104454935973512963e-01 -9.500271491516045774e-01 0.000000000000000000e+00
8.096752061989673788e-01 -5.848776881662804961e-01 0.000000000000000000e+00
9.985675483210734171e-01 4.373143831461859775e-03 0.000000000000000000e+00
8.044957828686106760e-01 5.919452209146427446e-01 0.000000000000000000e+00
3.020538639865510411e-01 9.526908937769371644e-01 0.000000000000000000e+00
-3.160440533161013033e-01 9.489730983443277479e-01 0.000000000000000000e+00
-8.135944447569412041e-01 5.829627859313076810e-01 0.000000000000000000e+00
-1.001205552379591524e+00 -5.221244577469663986e-03 0.000000000000000000e+00
-8.077160547172002047e-01 -5.914376513120086498e-01 0.000000000000000000e+00
-3.067016538587690189e-01 -9.524169097870888168e-01 0.000000000000000000e+00
3.111808151500350950e-01 -9.501778883406172271e-01 0.000000000000000000e+00
8.100473788595896618e-01 -5.848634510906685069e-01 0.000000000000000000e+00
9.986806420548414165e-01 4.343590415665957855e-03 0.000000000000000000e+00
8.044291648099691772e-01 5.918545305143223523e-01 0.000000000000000000e+00
3.017565849074430040e-01 9.524811759358545737e-01 0.000000000000000000e+00
-3.165335732688412396e-01 9.484183463165239969e-01 0.000000000000000000e+00
-8.139550416318241943e-01 5.818921330604930331e-01 0.000000000000000000e+00
-1.001009452128004851e+00 -6.620822287645853482e-03 0.000000000000000000e+00
-8.068258843627057475e-01 -5.926599182906259200e-01 0.000000000000000000e+00
-3.054397687128373451e-01 -9.530289523689924325e-01 0.000000000000000000e+00
3.122913369622820623e-01 -9.501661373631378193e-01 0.000000000000000000e+00
8.107074428190075288e-01 -5.845815823369286957e-01 0.000000000000000000e+00
9.989617335543815591e-01 4.545001586654276275e-03 0.000000000000000000e+00
8.045302538409434545e-01 5.918781949093909756e-01 0.000000000000000000e+00
3.017398809987427155e-01 9.523555774942255026e-01 0.000000000000000000e+00
-3.166750086837233913e-01 9.480539259498927951e-01 0.000000000000000000e+00
-8.140450393126283934e-01 5.811246420111813027e-01 0.000000000000000000e+00
-1.000679510080156875e+00 -7.731132081031586757e-03 0.000000000000000000e+00
-8.058452303953134166e-01 -5.936996762860646815e-01 0.000000000000000000e+00
-3.040065029632331162e-01 -9.535092325855490936e-01 0.000000000000000000e+00
3.136578994008371590e-01 -9.499379230255373674e-01 0.000000000000000000e+00
8.115848622617517494e-01 -5.839496825712127137e-01 0.000000000000000000e+00
9.993270141812240492e-01 5.124451708131865131e-03 0.000000000000000000e+00
8.046457656176513318e-01 5.921767391892703847e-01 0.000000000000000000e+00
3.018109809392378606e-01 9.524146299501566881e-01 0.000000000000000000e+00
-3.166216165695806550e-01 9.479222490412386737e-01 0.000000000000000000e+00
-8.139542020662504651e-01 5.807159219576552012e-01 0.000000000000000000e+00
-1.000300078328417719e+00 -8.441853526455234472e-03 0.000000000000000000e+00
-8.049138226809838814e-01 -5.944343082728407168e-01 0.000000000000000000e+00
-3.025902696638467781e-01 -9.537924472416513533e-01 0.000000000000000000e+00
3.151026108356584365e-01 -9.494990495198013525e-01 0.000000000000000000e+00
8.125543756326559786e-01 -5.829855662273150108e-01 0.000000000000000000e+00
9.996710812144050662e-01 6.117832807375861610e-03 0.000000000000000000e+00
8.046189802383347800e-01 5.928286503422707243e-01 0.000000000000000000e+00
3.017502841843645589e-01 9.527038060356194382e-01 0.000000000000000000e+00
-3.165863502525048112e-01 9.479972653683451655e-01 0.000000000000000000e+00
-8.138285493762950074e-01 5.806192371663184693e-01 0.000000000000000000e+00
-9.999762662342803754e-01 -8.750203659783576532e-03 0.000000000000000000e+00
-8.041671571426270981e-01 -5.948159447160760172e-01 0.000000000000000000e+00
-3.013785022541944913e-01 -9.538569917589398983e-01 0.000000000000000000e+00
3.164337403934645576e-01 -9.489041170465294384e-01 0.000000000000000000e+00
8.134750176675027422e-01 -5.817928820026331271e-01 0.000000000000000000e+00
9.999005463254706516e-01 7.445847381575485847e-03 0.000000000000000000e+00
8.043376146848572050e-01 5.938096900624121321e-01 0.000000000000000000e+00
3.013782227821973358e-01 9.532001246899355351e-01 0.000000000000000000e+00
-3.167774257272215066e-01 9.481907765403175814e-01 0.000000000000000000e+00
-8.138264946116634535e-01 5.806946270043144009e-01 0.000000000000000000e+00
-9.998014465105267146e-01 -8.770703415603422690e-03 0.000000000000000000e+00
-8.036976006884286594e-01 -5.948955074714841196e-01 0.000000000000000000e+00
-3.005152525027983135e-01 -9.537386342207900825e-01 0.000000000000000000e+00
3.174828497027581409e-01 -9.482434896054656726e-01 0.000000000000000000e+00
8.142213384466251425e-01 -5.805261578381084586e-01 0.000000000000000000e+00
9.999587201251770585e-01 8.946393138603124170e-03 0.000000000000000000e+00
8.037656393692860224e-01 5.950066630274172264e-01 0.000000000000000000e+00
3.006086157987880592e-01 9.538217128344638196e-01 0.000000000000000000e+00
-3.173348505895637328e-01 9.483796564291404607e-01 0.000000000000000000e+00
-8.140698067630047774e-01 5.807499416983629148e-01 0.000000000000000000e+00
-9.998262039457826988e-01 -8.704985663986595026e-03 0.000000000000000000e+00
-8.035207639485317799e-01 -5.948144523782981086e-01 0.000000000000000000e+00
-3.000546566914064073e-01 -9.535290532405363839e-01 0.000000000000000000e+00
3.181467677186217147e-01 -9.476300707380870270e-01 0.000000000000000000e+00
8.147058629580503641e-01 -5.793576921669536528e-01 0.000000000000000000e+00
9.998316554516439858e-01 1.042159762149530260e-02 0.000000000000000000e+00
8.029466906369032708e-01 5.962571407660324230e-01 0.000000000000000000e+00
2.994695540427138036e-01 9.544566855226838120e-01 0.000000000000000000e+00
-3.182900791221037751e-01 9.484447633432254721e-01 0.000000000000000000e+00
-8.146065174484645732e-01 5.805998347781899938e-01 0.000000000000000000e+00
-1.000041256488801933e+00 -8.781153038640167330e-03 0.000000000000000000e+00
-8.035657774020961153e-01 -5.947640330783950935e-01 0.000000000000000000e+00
-2.999358335410945986e-01 -9.533509061874346768e-01 0.000000000000000000e+00
3.184259015956157901e-01 -9.471719062520672638e-01 0.000000000000000000e+00
8.149050994616985344e-01 -5.784429201345250293e-01 0.000000000000000000e+00
9.995465216380129414e-01 1.167847633436343985e-02 0.000000000000000000e+00
8.019823290251594239e-01 5.973920086082201708e-01 0.000000000000000000e+00
2.980854695344302141e-01 9.549977502763747905e-01 0.000000000000000000e+00
-3.195629932830065245e-01 9.483074946012073347e-01 0.000000000000000000e+00
-8.153988876846397504e-01 5.801221413737249755e-01 0.000000000000000000e+00
-1.000380524082955080e+00 -9.183849827204876651e-03 0.000000000000000000e+00
-8.036950150825016292e-01 -5.949267013648620317e-01 0.000000000000000000e+00
-2.999959117078337956e-01 -9.533195460477409400e-01 0.000000000000000000e+00
3.184328834309194112e-01 -9.469370998635593395e-01 0.000000000000000000e+00
8.148761135950605139e-01 -5.778760661746015215e-01 0.000000000000000000e+00
9.991724152593762787e-01 1.257139181938315628e-02 0.000000000000000000e+00
8.010062563655204748e-01 5.982677696098960274e-01 0.000000000000000000e+00
2.966351318735555020e-01 9.553651569684969980e-01 0.000000000000000000e+00
-3.209946208276857060e-01 9.479490821461846739e-01 0.000000000000000000e+00
-8.163403676377591900e-01 5.792916118258826241e-01 0.000000000000000000e+00
-1.000743264077456951e+00 -9.999564831114688204e-03 0.000000000000000000e+00
-8.037463907425307363e-01 -5.954203580278647490e-01 0.000000000000000000e+00
-3.000181573624839948e-01 -9.535065635562949282e-01 0.000000000000000000e+00
3.183624272666040200e-01 -9.469291425840656862e-01 0.000000000000000000e+00
8.147453175218659638e-01 -5.776549954692645761e-01 0.000000000000000000e+00
9.988092810916603392e-01 1.304807062886757969e-02 0.000000000000000000e+00
8.001605755591130187e-01 5.988006147402129553e-01 0.000000000000000000e+00
2.953112343198653345e-01 9.555177573584201500e-01 0.000000000000000000e+00
-3.223945588678779339e-01 9.474060603277127957e-01 0.000000000000000000e+00
-8.172924881208450953e-01 5.781791574459713701e-01 0.000000000000000000e+00
-1.001027145573960109e+00 -1.119614104186335626e-02 0.000000000000000000e+00
-8.035833415162358939e-01 -5.962648135346707567e-01 0.000000000000000000e+00
-2.997981675977948179e-01 -9.539180481590305849e-01 0.000000000000000000e+00
3.184327638502301716e-01 -9.470837982903801411e-01 0.000000000000000000e+00
8.146713746976425030e-01 -5.776760856537014321e-01 0.000000000000000000e+00
9.985593278272609785e-01 1.317418820686629480e-02 0.000000000000000000e+00
7.995609737566238273e-01 5.989982107411043755e-01 0.000000000000000000e+00
2.942820397306272762e-01 9.554662565863852874e-01 0.000000000000000000e+00
-3.235806855960989270e-01 9.467553876363756782e-01 0.000000000000000000e+00
-8.181213082463896225e-01 5.769219769184219526e-01 0.000000000000000000e+00
-1.001158472503606900e+00 -1.264191890559127930e-02 0.000000000000000000e+00
-8.031350278412022758e-01 -5.973816467698074284e-01 0.000000000000000000e+00
-2.992051725072055191e-01 -9.544948369568717617e-01 0.000000000000000000e+00
3.188192899493590415e-01 -9.472886040180844569e-01 0.000000000000000000e+00
8.147965130267316169e-01 -5.777632934614546079e-01 0.000000000000000000e+00
9.984938588188349007e-01 1.311932528323845812e-02 0.000000000000000000e+00
7.992585802227212266e-01 5.989657684088874889e-01 0.000000000000000000e+00
2.936449966813194368e-01 9.552799868491286261e-01 0.000000000000000000e+00
-3.244171377144363100e-01 9.461027690119042655e-01 0.000000000000000000e+00
-8.187213428760953260e-01 5.756879499868512440e-01 0.000000000000000000e+00
-1.001105784792103437e+00 -1.415008893582309080e-02 0.000000000000000000e+00
-8.024121370571374312e-01 -5.986251222329639354e-01 0.000000000000000000e+00
-2.982176160911045870e-01 -9.551342763370013200e-01 0.000000000000000000e+00
3.196030126014679507e-01 -9.474180621737521291e-01 0.000000000000000000e+00
8.152032599380309996e-01 -5.777213037907956705e-01 0.000000000000000000e+00
9.986297087782627369e-01 1.310766091368454483e-02 0.000000000000000000e+00
7.992190907592441329e-01 5.988782030457555638e-01 0.000000000000000000e+00
2.933901275509985251e-01 9.550715797534657936e-01 0.000000000000000000e+00
-3.248562562620629368e-01 9.455623573824906147e-01 0.000000000000000000e+00
-8.190389076632025311e-01 5.746442940511083952e-01 0.000000000000000000e+00
-1.000878809698166005e+00 -1.552211188070524821e-02 0.000000000000000000e+00
-8.014941102108379400e-01 -5.998258909894100821e-01 0.000000000000000000e+00
-2.969214227021726993e-01 -9.557240494257617236e-01 0.000000000000000000e+00
3.207510009347555036e-01 -9.473724646665223625e-01 0.000000000000000000e+00
8.158910516903904453e-01 -5.773946784594027326e-01 0.000000000000000000e+00
9.989236295418368883e-01 1.335031738394991223e-02 0.000000000000000000e+00
7.993299150923873775e-01 5.989280224135798969e-01 0.000000000000000000e+00
2.933957925105493136e-01 9.549633278905375056e-01 0.000000000000000000e+00
-3.249622418062999563e-01 9.452233819783352198e-01 0.000000000000000000e+00
-8.190952580671723160e-01 5.739173997717321729e-01 0.000000000000000000e+00
-1.000528707670415240e+00 -1.658641011843947285e-02 0.000000000000000000e+00
-8.005029785666499809e-01 -6.008264354295569376e-01 0.000000000000000000e+00
-2.954761081973463210e-01 -9.561712234077556216e-01 0.000000000000000000e+00
3.221343246253059456e-01 -9.471059969369188813e-01 0.000000000000000000e+00
8.167805054057013514e-01 -5.767131119329137467e-01 0.000000000000000000e+00
9.992864312506180013e-01 1.398206195092868004e-02 0.000000000000000000e+00
7.994334245746591572e-01 5.992668363930160336e-01 0.000000000000000000e+00
2.934618790648275133e-01 9.550489127222319130e-01 0.000000000000000000e+00
-3.248984891062465241e-01 9.451192292916148485e-01 0.000000000000000000e+00
-8.189888581641107113e-01 5.735506831795372795e-01 0.000000000000000000e+00
-1.000144494377094739e+00 -1.724435788763782965e-02 0.000000000000000000e+00
-7.995806562356281288e-01 -6.015122633481849723e-01 0.000000000000000000e+00
-2.940723608298885239e-01 -9.564166011816160884e-01 0.000000000000000000e+00
3.235714349581435001e-01 -9.466325770349777180e-01 0.000000000000000000e+00
8.177427375460893932e-01 -5.757069837957331515e-01 0.000000000000000000e+00
9.996122167967558259e-01 1.502374977018083348e-02 0.000000000000000000e+00
7.993752128289207670e-01 5.999601421403989443e-01 0.000000000000000000e+00
2.933697496866172205e-01 9.553641231719391946e-01 0.000000000000000000e+00
-3.248806276019015615e-01 9.452138820645081818e-01 0.000000000000000000e+00
-8.188691964192155170e-01 5.734839899390105078e-01 0.000000000000000000e+00
-9.998315976175567998e-01 -1.750813581892799939e-02 0.000000000000000000e+00
-7.988600250841796369e-01 -6.018475300801185979e-01 0.000000000000000000e+00
-2.928950871890920182e-01 -9.564463208335427513e-01 0.000000000000000000e+00
3.248719657098216862e-01 -9.460132368418605608e-01 0.000000000000000000e+00
8.186382513140677553e-01 -5.744890836933165268e-01 0.000000000000000000e+00
9.998117606747718433e-01 1.638334121912662922e-02 0.000000000000000000e+00
7.990510921710847203e-01 6.009709766818077670e-01 0.000000000000000000e+00
2.929487991438256556e-01 9.558766261035335221e-01 0.000000000000000000e+00
-3.251110634143871136e-01 9.454115182076591184e-01 0.000000000000000000e+00
-8.188915387254189771e-01 5.735672247782338529e-01 0.000000000000000000e+00
-9.996786827926364971e-01 -1.750557769561376237e-02 0.000000000000000000e+00
-7.984252934285505088e-01 -6.018956609901078281e-01 0.000000000000000000e+00
-2.920796510995523620e-01 -9.563044521162028522e-01 0.000000000000000000e+00
3.258736393786578200e-01 -9.453432839100175400e-01 0.000000000000000000e+00
8.193462746505835170e-01 -5.732186791846152207e-01 0.000000000000000000e+00
9.998348938410517306e-01 1.789167137834261206e-02 0.000000000000000000e+00
7.984358805563458450e-01 6.021777788441308177e-01 0.000000000000000000e+00
2.921267118777980953e-01 9.564986167122017102e-01 0.000000000000000000e+00
-3.257174089128056504e-01 9.455862451404898339e-01 0.000000000000000000e+00
-8.191688178264012743e-01 5.736048338170542937e-01 0.000000000000000000e+00
-9.997280037358050597e-01 -1.744534975654397566e-02 0.000000000000000000e+00
-7.982805322741460818e-01 -6.018066312841252596e-01 0.000000000000000000e+00
-2.916664637440380958e-01 -9.560883542516034339e-01 0.000000000000000000e+00
3.264848309343016397e-01 -9.447375828263891995e-01 0.000000000000000000e+00
8.197869651814583269e-01 -5.720688073731773349e-01 0.000000000000000000e+00
9.996742692518240103e-01 1.934939795028783882e-02 0.000000000000000000e+00
7.975828906826645248e-01 6.034157868940326352e-01 0.000000000000000000e+00
2.909455043514238004e-01 9.571174038692509267e-01 0.000000000000000000e+00
-3.267163715701618121e-01 9.456218435580289183e-01 0.000000000000000000e+00
-8.197374628562889010e-01 5.734159176021753623e-01 0.000000000000000000e+00
-9.999610592906266193e-01 -1.755384390185190172e-02 0.000000000000000000e+00
-7.983437798381618489e-01 -6.017731296648795025e-01 0.000000000000000000e+00
-2.915801325894542551e-01 -9.559212570138176934e-01 0.000000000000000000e+00
3.267203599416266813e-01 -9.443011341583067431e-01 0.000000000000000000e+00
8.199471958068333954e-01 -5.711902017770809081e-01 0.000000000000000000e+00
9.993636520130610990e-01 2.056699202504555513e-02 0.000000000000000000e+00
7.966001331209687786e-01 6.045182776383424272e-01 0.000000000000000000e+00
2.895392541238130391e-01 9.576292522492245718e-01 0.000000000000000000e+00
-3.280157051005375690e-01 9.454470067938893774e-01 0.000000000000000000e+00
-8.205492735862909282e-01 5.728889718405578702e-01 0.000000000000000000e+00
-1.000304708937764131e+00 -1.800584763790346807e-02 0.000000000000000000e+00
-7.984704949851351152e-01 -6.019713821594049330e-01 0.000000000000000000e+00
-2.916474521667298814e-01 -9.559135655721512359e-01 0.000000000000000000e+00
3.267052926290309744e-01 -9.440942810736471236e-01 0.000000000000000000e+00
8.198940829383285500e-01 -5.706665573441487282e-01 0.000000000000000000e+00
9.989779202920718859e-01 2.140820138391297603e-02 0.000000000000000000e+00
7.956248493721133075e-01 6.053480601428914420e-01 0.000000000000000000e+00
2.880909303888560813e-01 9.579600288007948938e-01 0.000000000000000000e+00
-3.294502158282112125e-01 9.450515461766968439e-01 0.000000000000000000e+00
-8.214917288184471200e-01 5.720117612668039753e-01 0.000000000000000000e+00
-1.000655590761100999e+00 -1.887329142418375794e-02 0.000000000000000000e+00
-7.984980982629498181e-01 -6.025075005615202484e-01 0.000000000000000000e+00
-2.916490327247437397e-01 -9.561280003245734571e-01 0.000000000000000000e+00
3.266404463374540379e-01 -9.441105005366723368e-01 0.000000000000000000e+00
8.197599900446804755e-01 -5.704822383265708563e-01 0.000000000000000000e+00
9.986193397126790217e-01 2.183490026690949534e-02 0.000000000000000000e+00
7.947987335810988707e-01 6.058319595785838230e-01 0.000000000000000000e+00
2.867927955155996078e-01 9.580756012437654512e-01 0.000000000000000000e+00
-3.308290004146338115e-01 9.444791499341320673e-01 0.000000000000000000e+00
-8.224259464632551753e-01 5.708661039767515266e-01 0.000000000000000000e+00
-1.000913793647783878e+00 -2.010976594459527866e-02 0.000000000000000000e+00
-7.982959624644270225e-01 -6.033879436545018793e-01 0.000000000000000000e+00
-2.913863002372276689e-01 -9.565607854456881221e-01 0.000000000000000000e+00
3.267417352446961298e-01 -9.442766001043728652e-01 0.000000000000000000e+00
8.197032115572645550e-01 -5.705216250929434629e-01 0.000000000000000000e+00
9.983874320837217153e-01 2.192734372128431197e-02 0.000000000000000000e+00
7.942315304359356398e-01 6.059904113687957228e-01 0.000000000000000000e+00
2.858071070775407563e-01 9.579949804984818629e-01 0.000000000000000000e+00
-3.319739690585957748e-01 9.438123123182374785e-01 0.000000000000000000e+00
-8.232215186784835881e-01 5.695956565297097818e-01 0.000000000000000000e+00
-1.001011508633002034e+00 -2.157403535981666440e-02 0.000000000000000000e+00
-7.978033530295067788e-01 -6.045237820236671888e-01 0.000000000000000000e+00
-2.907407083432593242e-01 -9.571451310192936601e-01 0.000000000000000000e+00
3.271746267479794246e-01 -9.444751174995152931e-01 0.000000000000000000e+00
8.198593416822260727e-01 -5.706021677214495602e-01 0.000000000000000000e+00
9.983464588351310676e-01 2.186518688844809113e-02 0.000000000000000000e+00
7.939639111153453666e-01 6.059392126910275733e-01 0.000000000000000000e+00
2.852194565322160869e-01 9.577945833389494013e-01 0.000000000000000000e+00
-3.327584853956779276e-01 9.431602142495334462e-01 0.000000000000000000e+00
-8.237791891577036507e-01 5.683707678858126444e-01 0.000000000000000000e+00
-1.000923933953326017e+00 -2.307564843705307844e-02 0.000000000000000000e+00
-7.970414839354305059e-01 -6.057644449682531018e-01 0.000000000000000000e+00
-2.897050812765795680e-01 -9.577753534521529222e-01 0.000000000000000000e+00
3.280059429819282002e-01 -9.445810551382904929e-01 0.000000000000000000e+00
8.203001706852784958e-01 -5.705296238857625601e-01 0.000000000000000000e+00
9.985041196985369183e-01 2.187478659447328333e-02 0.000000000000000000e+00
7.939498734568558591e-01 6.058579493663998061e-01 0.000000000000000000e+00
2.850052174922133585e-01 9.575899296996143173e-01 0.000000000000000000e+00
-3.331484054250923865e-01 9.426362411011427467e-01 0.000000000000000000e+00
-8.240545295154791949e-01 5.673565697652205309e-01 0.000000000000000000e+00
-1.000667279668820075e+00 -2.441727057708649451e-02 0.000000000000000000e+00
-7.960976338079752690e-01 -6.069411335812067154e-01 0.000000000000000000e+00
-2.883771358554659825e-01 -9.583410293019635207e-01 0.000000000000000000e+00
3.291890515360931246e-01 -9.445003332319672484e-01 0.000000000000000000e+00
8.210138164524120041e-01 -5.701567586347875416e-01 0.000000000000000000e+00
9.988088866988144021e-01 2.216081784072393771e-02 0.000000000000000000e+00
7.940677330688583613e-01 6.059362187985922743e-01 0.000000000000000000e+00
2.850301034881492779e-01 9.575007071095608113e-01 0.000000000000000000e+00
-3.332217120207374150e-01 9.423237581355281556e-01 0.000000000000000000e+00
-8.240793460128522652e-01 5.666714115830721044e-01 0.000000000000000000e+00
-1.000299063627937191e+00 -2.543389566924933801e-02 0.000000000000000000e+00
-7.950986382699024579e-01 -6.079007562927728481e-01 0.000000000000000000e+00
-2.869229169618456310e-01 -9.587541192748566532e-01 0.000000000000000000e+00
3.305860179115282516e-01 -9.441955351321944523e-01 0.000000000000000000e+00
8.219126796585473071e-01 -5.694257261042889873e-01 0.000000000000000000e+00
9.991668179958819174e-01 2.284512826253992657e-02 0.000000000000000000e+00
7.941563510914468882e-01 6.063160163379200940e-01 0.000000000000000000e+00
2.850876194899644167e-01 9.576132182912392432e-01 0.000000000000000000e+00
-3.331511237838932771e-01 9.422467648189055689e-01 0.000000000000000000e+00
-8.239602202096593109e-01 5.663460731801075454e-01 0.000000000000000000e+00
-9.999124557912011380e-01 -2.603921772118839364e-02 0.000000000000000000e+00
-7.941880693138121394e-01 -6.085374930104950897e-01 0.000000000000000000e+00
-2.855348112519699444e-01 -9.589617146698267147e-01 0.000000000000000000e+00
3.320123775933128685e-01 -9.436885483632831972e-01 0.000000000000000000e+00
8.228650263935248788e-01 -5.683792595322892938e-01 0.000000000000000000e+00
9.994722562385225384e-01 2.393355123324813344e-02 0.000000000000000000e+00
7.940645203651539585e-01 6.070496691560551827e-01 0.000000000000000000e+00
2.849611899446954366e-01 9.579534510943286119e-01 0.000000000000000000e+00
-3.331538601557562096e-01 9.423593720675564889e-01 0.000000000000000000e+00
-8.238492444957878913e-01 5.663071152569563171e-01 0.000000000000000000e+00
-9.996124713752793101e-01 -2.626045594686202481e-02 0.000000000000000000e+00
-7.934954175705808410e-01 -6.088277772922315867e-01 0.000000000000000000e+00
-2.843944648451124935e-01 -9.589578489270651485e-01 0.000000000000000000e+00
3.332797076584471663e-01 -9.430466395516369227e-01 0.000000000000000000e+00
8.237333735727776496e-01 -5.671387396882044962e-01 0.000000000000000000e+00
9.996406718488786147e-01 2.532189853988600983e-02 0.000000000000000000e+00
7.936967723114405349e-01 6.080878913705857203e-01 0.000000000000000000e+00
2.844900359000684387e-01 9.584800616742885637e-01 0.000000000000000000e+00
-3.334255281530834059e-01 9.425586589429649775e-01 0.000000000000000000e+00
-8.238976937373145848e-01 5.663949903547998987e-01 0.000000000000000000e+00
-9.994824241709472368e-01 -2.623818506605837819e-02 0.000000000000000000e+00
-7.930960673697404761e-01 -6.088472152472694798e-01 0.000000000000000000e+00
-2.836277563065948693e-01 -9.587946793346090457e-01 0.000000000000000000e+00
3.342325703049350283e-01 -9.423697729636454357e-01 0.000000000000000000e+00
8.244019808684804884e-01 -5.658676646323281823e-01 0.000000000000000000e+00
9.996285611665831627e-01 2.683472121053813442e-02 0.000000000000000000e+00
7.930388983233520594e-01 6.093015407018640417e-01 0.000000000000000000e+00
2.836160279335118162e-01 9.590999918165642457e-01 0.000000000000000000e+00
-3.340807985273797631e-01 9.427167442741573034e-01 0.000000000000000000e+00
-8.242091355957208432e-01 5.664117397512818952e-01 0.000000000000000000e+00
-9.995559219873171308e-01 -2.618707458300152668e-02 0.000000000000000000e+00
-7.929823228733433593e-01 -6.087534848915444607e-01 0.000000000000000000e+00
-2.832609761712535645e-01 -9.585746154771925820e-01 0.000000000000000000e+00
3.347914374485305156e-01 -9.417741543056454834e-01 0.000000000000000000e+00
8.247990224866270648e-01 -5.647391994214946420e-01 0.000000000000000000e+00
9.994351599297798261e-01 2.827183668759544397e-02 0.000000000000000000e+00
7.921535645409152337e-01 6.105242609088038508e-01 0.000000000000000000e+00
2.823947907292029269e-01 9.597004672510452972e-01 0.000000000000000000e+00
-3.351217216764354467e-01 9.427210840365991551e-01 0.000000000000000000e+00
-8.248083704075115374e-01 5.661818795692817874e-01 0.000000000000000000e+00
-9.998053700284914580e-01 -2.633067636145776033e-02 0.000000000000000000e+00
-7.930614417018569950e-01 -6.087396913189394576e-01 0.000000000000000000e+00
-2.832044675419221891e-01 -9.584206648546637064e-01 0.000000000000000000e+00
3.349855404132366377e-01 -9.413609913508784732e-01 0.000000000000000000e+00
8.249218532096697087e-01 -5.638985558770212014e-01 0.000000000000000000e+00
9.991007922874145519e-01 2.944787344702869819e-02 0.000000000000000000e+00
7.911548393124760992e-01 6.115922255205935576e-01 0.000000000000000000e+00
2.809693580897034693e-01 9.601817462543321691e-01 0.000000000000000000e+00
-3.364445740952085595e-01 9.425081001481708798e-01 0.000000000000000000e+00
-8.256372178923051530e-01 5.656051612810677476e-01 0.000000000000000000e+00
-1.000151089355729939e+00 -2.683308727769977489e-02 0.000000000000000000e+00
-7.931827068188535002e-01 -6.089749712505099222e-01 0.000000000000000000e+00
-2.832755051835212368e-01 -9.584376242067919049e-01 0.000000000000000000e+00
3.349517565044483058e-01 -9.411823418449960510e-01 0.000000000000000000e+00
8.248472403696701649e-01 -5.634182649279489974e-01 0.000000000000000000e+00
9.987057647603430066e-01 3.023670825895073688e-02 0.000000000000000000e+00
7.901830810316846643e-01 6.123750849502602733e-01 0.000000000000000000e+00
2.795262753084657992e-01 9.604754935667508819e-01 0.000000000000000000e+00
-3.378787608253803199e-01 9.420761616265297400e-01 0.000000000000000000e+00
-8.265779562199153663e-01 5.646823796440462173e-01 0.000000000000000000e+00
-1.000487829399519857e+00 -2.775142834860926458e-02 0.000000000000000000e+00
-7.931839532727510411e-01 -6.095532365639457772e-01 0.000000000000000000e+00
-2.832531364519645378e-01 -9.586790452136501051e-01 0.000000000000000000e+00
3.348959830434712903e-01 -9.412215743273847357e-01 0.000000000000000000e+00
8.247127103761249245e-01 -5.632690820066521553e-01 0.000000000000000000e+00
9.983539859815871997e-01 3.061468964763722211e-02 0.000000000000000000e+00
7.893788765031569676e-01 6.128107196456532568e-01 0.000000000000000000e+00
2.782567391280247882e-01 9.605547784200658690e-01 0.000000000000000000e+00
-3.392334989252015487e-01 9.414758903050182148e-01 0.000000000000000000e+00
-8.274919616750029405e-01 5.635057874212477946e-01 0.000000000000000000e+00
-1.000718749629903481e+00 -2.902542776062884064e-02 0.000000000000000000e+00
-7.929412508609903210e-01 -6.104677696269422693e-01 0.000000000000000000e+00
-2.829456117366546120e-01 -9.591314476832388802e-01 0.000000000000000000e+00
3.350307509889506319e-01 -9.413969030538223981e-01 0.000000000000000000e+00
8.246753046769009776e-01 -5.633238660122077412e-01 0.000000000000000000e+00
9.981415819405846657e-01 3.067633467753753951e-02 0.000000000000000000e+00
7.888452761687948511e-01 6.129322522854583344e-01 0.000000000000000000e+00
2.773161955321104544e-01 9.604468839553074178e-01 0.000000000000000000e+00
-3.403353371252402781e-01 9.407951050599570042e-01 0.000000000000000000e+00
-8.282527444847305187e-01 5.622249515046052748e-01 0.000000000000000000e+00
-1.000782228694591103e+00 -3.050503424669117128e-02 0.000000000000000000e+00
-7.924043135030861551e-01 -6.116197957233544535e-01 0.000000000000000000e+00
-2.822471712472823246e-01 -9.597209732542668625e-01 0.000000000000000000e+00
3.355108471209891641e-01 -9.415865588439479295e-01 0.000000000000000000e+00
8.248633060247692050e-01 -5.633944517668056928e-01 0.000000000000000000e+00
9.981253065724923212e-01 3.061051136347206839e-02 0.000000000000000000e+00
7.886120643967667876e-01 6.128654388384278118e-01 0.000000000000000000e+00
2.767777778926994725e-01 9.602348421585884530e-01 0.000000000000000000e+00
-3.410675136257573237e-01 9.401459952770049311e-01 0.000000000000000000e+00
-8.287676385658748757e-01 5.610121780946637493e-01 0.000000000000000000e+00
-1.000660124237868764e+00 -3.199683679890390209e-02 0.000000000000000000e+00
-7.916047190475110629e-01 -6.128547068783433138e-01 0.000000000000000000e+00
-2.811649683348356743e-01 -9.603396437365930849e-01 0.000000000000000000e+00
3.363887206865126545e-01 -9.416668311393550095e-01 0.000000000000000000e+00
8.253375192004629435e-01 -5.632886766350329033e-01 0.000000000000000000e+00
9.983036592062687342e-01 3.064464240845518259e-02 0.000000000000000000e+00
7.886216197871398492e-01 6.127935829730892792e-01 0.000000000000000000e+00
2.766021706643211342e-01 9.600363151404150974e-01 0.000000000000000000e+00
-3.414096656792612872e-01 9.396404541563356805e-01 0.000000000000000000e+00
-8.290017510077085650e-01 5.600297726739736914e-01 0.000000000000000000e+00
-1.000375123578683745e+00 -3.330532123755494678e-02 0.000000000000000000e+00
-7.906371870883964759e-01 -6.140048277557405010e-01 0.000000000000000000e+00
-2.798079443809147748e-01 -9.608795082713631475e-01 0.000000000000000000e+00
3.376044589750459290e-01 -9.415498665330825911e-01 0.000000000000000000e+00
8.260750068703921478e-01 -5.628682955638282248e-01 0.000000000000000000e+00
9.986171874673596127e-01 3.097596241586330137e-02 0.000000000000000000e+00
7.887437267419642462e-01 6.129024155037409161e-01 0.000000000000000000e+00
2.766430125728605027e-01 9.599676453703069878e-01 0.000000000000000000e+00
-3.414532110084739780e-01 9.393553303274992938e-01 0.000000000000000000e+00
-8.289972782529133610e-01 5.593872760003927302e-01 0.000000000000000000e+00
-9.999909257572837662e-01 -3.427281808904181215e-02 0.000000000000000000e+00
-7.896329953369272125e-01 -6.149219834783141714e-01 0.000000000000000000e+00
-2.783480042603185267e-01 -9.612576746525592908e-01 0.000000000000000000e+00
3.390119126207128963e-01 -9.412068245280449386e-01 0.000000000000000000e+00
8.269806222276402385e-01 -5.620882153332432685e-01 0.000000000000000000e+00
9.989678577005870475e-01 3.171285905509170500e-02 0.000000000000000000e+00
7.888145979130233298e-01 6.133236764559857335e-01 0.000000000000000000e+00
2.766884241148515611e-01 9.601072778881842851e-01 0.000000000000000000e+00
-3.413793264880143896e-01 9.393049317360139261e-01 0.000000000000000000e+00
-8.288682866206165123e-01 5.591024552173680107e-01 0.000000000000000000e+00
-9.996043001763200708e-01 -3.482591354703051117e-02 0.000000000000000000e+00
-7.887368056870900368e-01 -6.155095584833887301e-01 0.000000000000000000e+00
-2.769786523858466798e-01 -9.614277047498326345e-01 0.000000000000000000e+00
3.404244159700069994e-01 -9.406673875280773256e-01 0.000000000000000000e+00
8.279205399819360434e-01 -5.610032445715911198e-01 0.000000000000000000e+00
9.992509785025169844e-01 3.284624236308213846e-02 0.000000000000000000e+00
7.886870973060442491e-01 6.140964199224816511e-01 0.000000000000000000e+00
2.765249829900073286e-01 9.604713461909362149e-01 0.000000000000000000e+00
-3.414057282293537776e-01 9.394336572856100132e-01 0.000000000000000000e+00
-8.287685952220779084e-01 5.590887978546534853e-01 0.000000000000000000e+00
-9.993191129074707746e-01 -3.500685644617926306e-02 0.000000000000000000e+00
-7.880739296626093626e-01 -6.157564502803087869e-01 0.000000000000000000e+00
-2.758775137101107111e-01 -9.613916476178852033e-01 0.000000000000000000e+00
3.416560671013323947e-01 -9.400048588396356930e-01 0.000000000000000000e+00
8.287597951958819431e-01 -5.597427914960073636e-01 0.000000000000000000e+00
9.993872015999334391e-01 3.426042122666354828e-02 0.000000000000000000e+00
7.882750457767974117e-01 6.151595049539556603e-01 0.000000000000000000e+00
2.760025461446788397e-01 9.610098935883955029e-01 0.000000000000000000e+00
-3.417202757295033644e-01 9.396320618133818803e-01 0.000000000000000000e+00
-8.288446737208935433e-01 5.591780463814541857e-01 0.000000000000000000e+00
-9.992127156950347810e-01 -3.496831710965071782e-02 0.000000000000000000e+00
-7.877103042161688329e-01 -6.157500495414974795e-01 0.000000000000000000e+00
-2.751602105007884824e-01 -9.612094721438962930e-01 0.000000000000000000e+00
3.425589529062560978e-01 -9.393235331837228586e-01 0.000000000000000000e+00
8.293880284916567147e-01 -5.584740783335503389e-01 0.000000000000000000e+00
9.993397887892981890e-01 3.577443191589458477e-02 0.000000000000000000e+00
7.875752635056115780e-01 6.163770121445576455e-01 0.000000000000000000e+00
2.750774090725914833e-01 9.616253122409278431e-01 0.000000000000000000e+00
-3.424242276280075603e-01 9.397710703351787043e-01 0.000000000000000000e+00
-8.291902570293472330e-01 5.591708561496191443e-01 0.000000000000000000e+00
-9.993098134744361483e-01 -3.492990358215211644e-02 0.000000000000000000e+00
-7.876263095705180461e-01 -6.156548777709869302e-01 0.000000000000000000e+00
-2.748385927278136909e-01 -9.609879702288937064e-01 0.000000000000000000e+00
3.430661394692807176e-01 -9.387402999654239633e-01 0.000000000000000000e+00
8.297418004946165437e-01 -5.573697530956737145e-01 0.000000000000000000e+00
9.991145377443060305e-01 3.718787176727476190e-02 0.000000000000000000e+00
7.866594114112726022e-01 6.175816967155891568e-01 0.000000000000000000e+00
2.738184156875294040e-01 9.622054453235346916e-01 0.000000000000000000e+00
-3.435051494637491598e-01 9.397425423040302039e-01 0.000000000000000000e+00
-8.298185621227630593e-01 5.588980994997361229e-01 0.000000000000000000e+00
-9.995739049456094927e-01 -3.511121509350150632e-02 0.000000000000000000e+00
-7.877188029410823189e-01 -6.156634408399443981e-01 0.000000000000000000e+00
-2.748090687522670161e-01 -9.608491361980840972e-01 0.000000000000000000e+00
3.432211859959429789e-01 -9.383518369735786013e-01 0.000000000000000000e+00
8.298290018211009755e-01 -5.565686824612359196e-01 0.000000000000000000e+00
9.987582677159070332e-01 3.832024851845561991e-02 0.000000000000000000e+00
7.856472269384613405e-01 6.186131199894771004e-01 0.000000000000000000e+00
2.723768524016647041e-01 9.626549324847533118e-01 0.000000000000000000e+00
-3.448485402788851184e-01 9.394910021145600476e-01 0.000000000000000000e+00
-8.306619642550806537e-01 5.582713126461665842e-01 0.000000000000000000e+00
-9.999193382489155457e-01 -3.566488602452496520e-02 0.000000000000000000e+00
-7.878316729905088245e-01 -6.159369696131360428e-01 0.000000000000000000e+00
-2.748802639604556730e-01 -9.608915382251183024e-01 0.000000000000000000e+00
3.431720912004456170e-01 -9.382014410848191766e-01 0.000000000000000000e+00
8.297355881931918198e-01 -5.561316524894911462e-01 0.000000000000000000e+00
9.983563068305288946e-01 3.905628274867720823e-02 0.000000000000000000e+00
7.846817324318894338e-01 6.193483119775120560e-01 0.000000000000000000e+00
2.709422309480066238e-01 9.629114042016369002e-01 0.000000000000000000e+00
-3.462792107298031663e-01 9.390233038611468519e-01 0.000000000000000000e+00
-8.315983208842572250e-01 5.573042594726397292e-01 0.000000000000000000e+00
-1.000239713053782120e+00 -3.663306115309512834e-02 0.000000000000000000e+00
-7.878040790742868449e-01 -6.165568390360228745e-01 0.000000000000000000e+00
-2.748307662286071373e-01 -9.611593224219606713e-01 0.000000000000000000e+00
3.431287840907750186e-01 -9.382623428798667620e-01 0.000000000000000000e+00
8.296034328027542815e-01 -5.560157798045942679e-01 0.000000000000000000e+00
9.980135063176083232e-01 3.938704641982009036e-02 0.000000000000000000e+00
7.839016791020924080e-01 6.197365796058034171e-01 0.000000000000000000e+00
2.697040234516426271e-01 9.629553055091415459e-01 0.000000000000000000e+00
-3.476070969673628053e-01 9.383967785669687922e-01 0.000000000000000000e+00
-8.324898993974991779e-01 5.560991171528943955e-01 0.000000000000000000e+00
-1.000441876300913746e+00 -3.794206579734307055e-02 0.000000000000000000e+00
-7.875195102418202087e-01 -6.175034039948360531e-01 0.000000000000000000e+00
-2.744766084979567977e-01 -9.616295265316289198e-01 0.000000000000000000e+00
3.432993691377823064e-01 -9.384445832956112010e-01 0.000000000000000000e+00
8.295874543714215621e-01 -5.560829461208605107e-01 0.000000000000000000e+00
9.978219072082662455e-01 3.942092106589057537e-02 0.000000000000000000e+00
7.834026937069457075e-01 6.198235760639834169e-01 0.000000000000000000e+00
2.688100574776214335e-01 9.628221029565335876e-01 0.000000000000000000e+00
-3.486640061628998311e-01 9.377043395568127604e-01 0.000000000000000000e+00
-8.332144890213594168e-01 5.548108244159821734e-01 0.000000000000000000e+00
-1.000470640677802336e+00 -3.943380793835644244e-02 0.000000000000000000e+00
-7.869384056987374088e-01 -6.186687483078385785e-01 0.000000000000000000e+00
-2.737253086205461150e-01 -9.622218217445024369e-01 0.000000000000000000e+00
3.438272639649599394e-01 -9.386228094335629102e-01 0.000000000000000000e+00
8.298079956310940863e-01 -5.561402985490208062e-01 0.000000000000000000e+00
9.978303397358957438e-01 3.935507537381221360e-02 0.000000000000000000e+00
7.832033054039955200e-01 6.197443326746532311e-01 0.000000000000000000e+00
2.683204650078520048e-01 9.626009240965919256e-01 0.000000000000000000e+00
-3.493436730308692173e-01 9.370606710968210074e-01 0.000000000000000000e+00
-8.336863771068990792e-01 5.536131128791192957e-01 0.000000000000000000e+00
-1.000314506319175845e+00 -4.091257659698693816e-02 0.000000000000000000e+00
-7.861024889355036072e-01 -6.198950089873492830e-01 0.000000000000000000e+00
-2.725982189591946714e-01 -9.628266692215771139e-01 0.000000000000000000e+00
3.447504376249317937e-01 -9.386753785328539879e-01 0.000000000000000000e+00
8.303146952854499885e-01 -5.559987539422742708e-01 0.000000000000000000e+00
9.980280981671248997e-01 3.941688044737817753e-02 0.000000000000000000e+00
7.832344223395445448e-01 6.196849016949934619e-01 0.000000000000000000e+00
2.681812821673248415e-01 9.624108132656741255e-01 0.000000000000000000e+00
-3.496397085664105786e-01 9.365754379252583250e-01 0.000000000000000000e+00
-8.338804425377848162e-01 5.526646948436700901e-01 0.000000000000000000e+00
-1.000002625231984243e+00 -4.218530884002739262e-02 0.000000000000000000e+00
-7.851135187997682063e-01 -6.210161769970429235e-01 0.000000000000000000e+00
-2.712148958936052012e-01 -9.633391268951433384e-01 0.000000000000000000e+00
3.459961851018283352e-01 -9.385212172405280606e-01 0.000000000000000000e+00
8.310738875266100445e-01 -5.555297949809433478e-01 0.000000000000000000e+00
9.983482138281485341e-01 3.979517849251986567e-02 0.000000000000000000e+00
7.833579160634012162e-01 6.198262179491776935e-01 0.000000000000000000e+00
2.682347143221013308e-01 9.623640521212445398e-01 0.000000000000000000e+00
-3.496565418125665015e-01 9.363183524423223103e-01 0.000000000000000000e+00
-8.338490438401001681e-01 5.520655636303092306e-01 0.000000000000000000e+00
-9.996046526511956909e-01 -4.310243854012705406e-02 0.000000000000000000e+00
-7.841068418701578890e-01 -6.218894921022007916e-01 0.000000000000000000e+00
-2.697524468835094114e-01 -9.636816713127137612e-01 0.000000000000000000e+00
3.474109463095855777e-01 -9.381401788107969208e-01 0.000000000000000000e+00
8.319835796773296099e-01 -5.547012992159630063e-01 0.000000000000000000e+00
9.986892477803142043e-01 4.058443222228074604e-02 0.000000000000000000e+00
7.834082350518233318e-01 6.202891874383666959e-01 0.000000000000000000e+00
2.682645294704399386e-01 9.625308017766904811e-01 0.000000000000000000e+00
-3.495828957390244018e-01 9.362937862585152260e-01 0.000000000000000000e+00
-8.337130534306700369e-01 5.518201672447842210e-01 0.000000000000000000e+00
-9.992203611846158795e-01 -4.360395735962330210e-02 0.000000000000000000e+00
-7.832276003805221931e-01 -6.224280534798284359e-01 0.000000000000000000e+00
-2.684049040644527206e-01 -9.638145171337032524e-01 0.000000000000000000e+00
3.488065410835083369e-01 -9.375695420562880633e-01 0.000000000000000000e+00
8.329085948170341647e-01 -5.535798100426593260e-01 0.000000000000000000e+00
9.989481869477634390e-01 4.176080887955999771e-02 0.000000000000000000e+00
7.832431669598559631e-01 6.210995654217786877e-01 0.000000000000000000e+00
2.680615358024648898e-01 9.629173522952094721e-01 0.000000000000000000e+00
-3.496358889006146997e-01 9.364366500787508762e-01 0.000000000000000000e+00
-8.336271334313225534e-01 5.518292093313910129e-01 0.000000000000000000e+00
-9.989517314966072092e-01 -4.374705014003923281e-02 0.000000000000000000e+00
-7.825961353680418453e-01 -6.226333372540253652e-01 0.000000000000000000e+00
-2.673450868997305219e-01 -9.637478106023967817e-01 0.000000000000000000e+00
3.500001703115578899e-01 -9.368884456025712293e-01 0.000000000000000000e+00
8.337169514391780112e-01 -5.523021922404599549e-01 0.000000000000000000e+00
9.990512986445654331e-01 4.319780509650375522e-02 0.000000000000000000e+00
7.827863346583714410e-01 6.221848856526783766e-01 0.000000000000000000e+00
2.674869767634804885e-01 9.634655855498578392e-01 0.000000000000000000e+00
-3.499947312109678021e-01 9.366315954524259135e-01 0.000000000000000000e+00
-8.337321684857604831e-01 5.519165199620590379e-01 0.000000000000000000e+00
-9.988695811226180332e-01 -4.369576774613311010e-02 0.000000000000000000e+00
-7.822683605145710484e-01 -6.226040516702923133e-01 0.000000000000000000e+00
-2.666776247350389761e-01 -9.635489953564503329e-01 0.000000000000000000e+00
3.508521309435727042e-01 -9.362051451996730167e-01 0.000000000000000000e+00
8.343040193372370794e-01 -5.510388845907192579e-01 0.000000000000000000e+00
9.989686700408673126e-01 4.470969700710200612e-02 0.000000000000000000e+00
7.820455728591665379e-01 6.234032669513460689e-01 0.000000000000000000e+00
2.665117281779246228e-01 9.640740675329794174e-01 0.000000000000000000e+00
-3.507468772335480822e-01 9.367491599184232243e-01 0.000000000000000000e+00
-8.341116569139914727e-01 5.518824010497581645e-01 0.000000000000000000e+00
-9.989895153071826073e-01 -4.367356367615647661e-02 0.000000000000000000e+00
-7.822126467695249552e-01 -6.225106652035919952e-01 0.000000000000000000e+00
-2.663996859840446207e-01 -9.633285450682897988e-01 0.000000000000000000e+00
3.513085202153311548e-01 -9.356365241771815722e-01 0.000000000000000000e+00
8.346150947258105246e-01 -5.499613381627368458e-01 0.000000000000000000e+00
9.987126380159376815e-01 4.609647777101637950e-02 0.000000000000000000e+00
7.811011499706765893e-01 6.245872466530753009e-01 0.000000000000000000e+00
2.652173975672198480e-01 9.646319309224911098e-01 0.000000000000000000e+00
-3.518656603726857957e-01 9.366863043539849221e-01 0.000000000000000000e+00
-8.347673486991946668e-01 5.515649879368222930e-01 0.000000000000000000e+00
-9.992663737824151182e-01 -4.389499516887882674e-02 0.000000000000000000e+00
-7.823158976139175103e-01 -6.225440781172191240e-01 0.000000000000000000e+00
-2.663941548882011734e-01 -9.632066593077873717e-01 0.000000000000000000e+00
3.514270582185812231e-01 -9.352740098670511149e-01 0.000000000000000000e+00
8.346685918686931327e-01 -5.492012555072608437e-01 0.000000000000000000e+00
9.983364199251496540e-01 4.718327407857689226e-02 0.000000000000000000e+00
7.800780867350809444e-01 6.255802561954036944e-01 0.000000000000000000e+00
2.637628136882438357e-01 9.650485371745374241e-01 0.000000000000000000e+00
-3.532265434810301641e-01 9.363959684069066425e-01 0.000000000000000000e+00
-8.356227600159845670e-01 5.508880608304951298e-01 0.000000000000000000e+00
-9.996091367454189580e-01 -4.450052866833701520e-02 0.000000000000000000e+00
-7.824174266375151232e-01 -6.228568504841270892e-01 0.000000000000000000e+00
-2.664619287750294441e-01 -9.632751019075829202e-01 0.000000000000000000e+00
3.513661132456321057e-01 -9.351517158869686597e-01 0.000000000000000000e+00
8.345591332172326293e-01 -5.488071560029934570e-01 0.000000000000000000e+00
9.979299068866043232e-01 4.786632809776406039e-02 0.000000000000000000e+00
7.791215822340630259e-01 6.262672420266064410e-01 0.000000000000000000e+00
2.623398559563661636e-01 9.652676423474980671e-01 0.000000000000000000e+00
-3.546505303457851421e-01 9.358933728328704404e-01 0.000000000000000000e+00
-8.365521095340807678e-01 5.498782170460659868e-01 0.000000000000000000e+00
-9.999109956589113946e-01 -4.551725070042529631e-02 0.000000000000000000e+00
-7.823586237083567374e-01 -6.235175586810676185e-01 0.000000000000000000e+00
-2.663822434638205561e-01 -9.635684392554288991e-01 0.000000000000000000e+00
3.513385789567543549e-01 -9.352327705450786954e-01 0.000000000000000000e+00
8.344321003919784596e-01 -5.487225660120373938e-01 0.000000000000000000e+00
9.975981756309938442e-01 4.815160424016787927e-02 0.000000000000000000e+00
7.783677996551066069e-01 6.266092528413510498e-01 0.000000000000000000e+00
2.611355867539129072e-01 9.652772248900404195e-01 0.000000000000000000e+00
-3.559488574293961927e-01 9.352423323039872338e-01 0.000000000000000000e+00
-8.374191471591524438e-01 5.486470173309511145e-01 0.000000000000000000e+00
-1.000083062914808307e+00 -4.685860813439519240e-02 0.000000000000000000e+00
-7.820310753773769274e-01 -6.244939502213980864e-01 0.000000000000000000e+00
-2.659798296655664918e-01 -9.640545088717261679e-01 0.000000000000000000e+00
3.515471192731382533e-01 -9.354195158897544715e-01 0.000000000000000000e+00
8.344394391135753208e-01 -5.487989998291387117e-01 0.000000000000000000e+00
9.974285178694194398e-01 4.816087336295866994e-02 0.000000000000000000e+00
7.779042414910791736e-01 6.266642410301944688e-01 0.000000000000000000e+00
2.602894155403092658e-01 9.651207882844666797e-01 0.000000000000000000e+00
-3.569592231674885152e-01 9.345405997940982035e-01 0.000000000000000000e+00
-8.381062835118063825e-01 5.473542435634386472e-01 0.000000000000000000e+00
-1.000076778978641112e+00 -4.835924876437060205e-02 0.000000000000000000e+00
-7.814061546577556472e-01 -6.256697055411051256e-01 0.000000000000000000e+00
-2.651758991349023598e-01 -9.646471443452048211e-01 0.000000000000000000e+00
3.521231604686907990e-01 -9.355837647478306707e-01 0.000000000000000000e+00
8.346929761505003098e-01 -5.488398753372187855e-01 0.000000000000000000e+00
9.974614760116616852e-01 4.809864716244890287e-02 0.000000000000000000e+00
7.777378766196011428e-01 6.265757784966131672e-01 0.000000000000000000e+00
2.598479925888266817e-01 9.648929897708166115e-01 0.000000000000000000e+00
-3.575864473147082334e-01 9.339047964842031035e-01 0.000000000000000000e+00
-8.385351217288987691e-01 5.461744962409432746e-01 0.000000000000000000e+00
-9.998872569577521574e-01 -4.982180093542785265e-02 0.000000000000000000e+00
-7.805354621443081342e-01 -6.268844670746777092e-01 0.000000000000000000e+00
-2.640057960368554224e-01 -9.652359724544452568e-01 0.000000000000000000e+00
3.530901649045046775e-01 -9.356067113220333242e-01 0.000000000000000000e+00
8.352310719374926862e-01 -5.486601757514251165e-01 0.000000000000000000e+00
9.976771954227907635e-01 4.819112827186304571e-02 0.000000000000000000e+00
7.777883611221154680e-01 6.265316859614458167e-01 0.000000000000000000e+00
2.597428280542952161e-01 9.647134875520193553e-01 0.000000000000000000e+00
-3.578382306775506061e-01 9.334416170656502088e-01 0.000000000000000000e+00
-8.386904997678326090e-01 5.452621063740892282e-01 0.000000000000000000e+00
-9.995500894971833805e-01 -5.105630216270141963e-02 0.000000000000000000e+00
-7.795273934175918074e-01 -6.279744078167047716e-01 0.000000000000000000e+00
-2.625990480578286879e-01 -9.657195504267598318e-01 0.000000000000000000e+00
3.543631853680737631e-01 -9.354145672674269996e-01 0.000000000000000000e+00
8.360097198860945156e-01 -5.481417957606836699e-01 0.000000000000000000e+00
9.980016493265111421e-01 4.861786098771545689e-02 0.000000000000000000e+00
7.779103241692261195e-01 6.267072049365879360e-01 0.000000000000000000e+00
2.598054016146369438e-01 9.646898155332698233e-01 0.000000000000000000e+00
-3.578315165049950064e-01 9.332130560438933742e-01 0.000000000000000000e+00
-8.386346436974764229e-01 5.447068167846903508e-01 0.000000000000000000e+00
-9.991406117286683042e-01 -5.192205061339542904e-02 0.000000000000000000e+00
-7.785209743172804009e-01 -6.288026885531136090e-01 0.000000000000000000e+00
-2.611373218528146301e-01 -9.660259187247735024e-01 0.000000000000000000e+00
3.557820621153220397e-01 -9.349959379591122888e-01 0.000000000000000000e+00
8.369208096269070696e-01 -5.472657256345373478e-01 0.000000000000000000e+00
9.983307015850539923e-01 4.945899616801010396e-02 0.000000000000000000e+00
7.779373517274564831e-01 6.272118940022790579e-01 0.000000000000000000e+00
2.598161889262187718e-01 9.648834799677676877e-01 0.000000000000000000e+00
-3.577616203891578750e-01 9.332133656200012339e-01 0.000000000000000000e+00
-8.384945121751375963e-01 5.444995229370873657e-01 0.000000000000000000e+00
-9.987609665796499669e-01 -5.237289179732601552e-02 0.000000000000000000e+00
-7.776611776678173937e-01 -6.292926036645949406e-01 0.000000000000000000e+00
-2.598145724743877172e-01 -9.661221257830703291e-01 0.000000000000000000e+00
3.571577591604228608e-01 -9.343954824205089604e-01 0.000000000000000000e+00
8.378285269844845118e-01 -5.461098458310611470e-01 0.000000000000000000e+00
9.985637101755568956e-01 5.067621891415236696e-02 0.000000000000000000e+00
7.777329824423816484e-01 6.280582609324436572e-01 0.000000000000000000e+00
2.595712855384668671e-01 9.652910023979133225e-01 0.000000000000000000e+00
-3.578439745412196893e-01 9.333682550949677914e-01 0.000000000000000000e+00
-8.384247257590458080e-01 5.445285102030277269e-01 0.000000000000000000e+00
-9.985105191130468905e-01 -5.248076825535918921e-02 0.000000000000000000e+00
-7.770625864681748318e-01 -6.294582489592963626e-01 0.000000000000000000e+00
-2.587980107557349418e-01 -9.660264521456739528e-01 0.000000000000000000e+00
3.583111704212770254e-01 -9.336979665141150742e-01 0.000000000000000000e+00
8.386043029111691638e-01 -5.448179053901008873e-01 0.000000000000000000e+00
9.986329386651080497e-01 5.213294147547796464e-02 0.000000000000000000e+00
7.772310921408832618e-01 6.291631011291727305e-01 0.000000000000000000e+00
2.589440082316683545e-01 9.658466048531053616e-01 0.000000000000000000e+00
-3.582482888473037530e-01 9.335571361803635115e-01 0.000000000000000000e+00
-8.385598433670158336e-01 5.446105450198898135e-01 0.000000000000000000e+00
-9.984530228862318335e-01 -5.242033073671609200e-02 0.000000000000000000e+00
-7.767705677714835666e-01 -6.294091156027258327e-01 0.000000000000000000e+00
-2.581805787025278076e-01 -9.658134202330765916e-01 0.000000000000000000e+00
3.591114818464445357e-01 -9.330151917834338393e-01 0.000000000000000000e+00
8.391495860429107889e-01 -5.435630458669151732e-01 0.000000000000000000e+00
9.985153248461688946e-01 5.363941571393813362e-02 0.000000000000000000e+00
7.764504481247100909e-01 6.303793904668376635e-01 0.000000000000000000e+00
2.579198844934872947e-01 9.664457642338969423e-01 0.000000000000000000e+00
-3.590479024821612852e-01 9.336509713324457893e-01 0.000000000000000000e+00
-8.389727889435419916e-01 5.445466157179508215e-01 0.000000000000000000e+00
-9.985948480703527030e-01 -5.241776317631700877e-02 0.000000000000000000e+00
-7.767414708110945698e-01 -6.293206910959142641e-01 0.000000000000000000e+00
-2.579446036940666320e-01 -9.655964579483553578e-01 0.000000000000000000e+00
3.595181928140216421e-01 -9.324633191257426512e-01 0.000000000000000000e+00
8.394187297498008071e-01 -5.425148074585183222e-01 0.000000000000000000e+00
9.982297203664849405e-01 5.499664776754915885e-02 0.000000000000000000e+00
7.754795174869260066e-01 6.315400826312007609e-01 0.000000000000000000e+00
2.565927689675769896e-01 9.669795406357650780e-01 0.000000000000000000e+00
-3.602022472957699395e-01 9.335524851575218719e-01 0.000000000000000000e+00
-8.396540314676506078e-01 5.441829878056604342e-01 0.000000000000000000e+00
-9.988824816874392054e-01 -5.268152109500291724e-02 0.000000000000000000e+00
-7.768527559989665265e-01 -6.293812790133201940e-01 0.000000000000000000e+00
-2.579599352019790182e-01 -9.654932032494192296e-01 0.000000000000000000e+00
3.596029350182329831e-01 -9.321278277772918619e-01 0.000000000000000000e+00
8.394405917886160751e-01 -5.417969220586316137e-01 0.000000000000000000e+00
9.978356051643275659e-01 5.603613702765503080e-02 0.000000000000000000e+00
7.744482192226357364e-01 6.324929577882933973e-01 0.000000000000000000e+00
2.551283228893092003e-01 9.673623129854762581e-01 0.000000000000000000e+00
-3.615775250056139090e-01 9.332232825743200788e-01 0.000000000000000000e+00
-8.405188581836109396e-01 5.434560719881822433e-01 0.000000000000000000e+00
-9.992201761785165504e-01 -5.333926800576554300e-02 0.000000000000000000e+00
-7.769400137571714771e-01 -6.297340595928113682e-01 0.000000000000000000e+00
-2.580207093558796183e-01 -9.655880877733075129e-01 0.000000000000000000e+00
3.595336371474882053e-01 -9.320332819715466677e-01 0.000000000000000000e+00
8.393178845682922606e-01 -5.414451843462180225e-01 0.000000000000000000e+00
9.974269254971940279e-01 5.666628023775651529e-02 0.000000000000000000e+00
7.735034045941726610e-01 6.331314087671169322e-01 0.000000000000000000e+00
2.537202014234339331e-01 9.675441183642197185e-01 0.000000000000000000e+00
-3.629916956578696507e-01 9.326867926109305706e-01 0.000000000000000000e+00
-8.414386257289162563e-01 5.424050911254361118e-01 0.000000000000000000e+00
-9.995014533091506337e-01 -5.440303480853349999e-02 0.000000000000000000e+00
-7.768477613618058886e-01 -6.304346253751345053e-01 0.000000000000000000e+00
-2.579079149657954040e-01 -9.659059874745098417e-01 0.000000000000000000e+00
3.595250780317496564e-01 -9.321328085998068502e-01 0.000000000000000000e+00
8.391986432429884291e-01 -5.413896575900667418e-01 0.000000000000000000e+00
9.971082557768875532e-01 5.690802120224929678e-02 0.000000000000000000e+00
7.727778783650403049e-01 6.334284801653037311e-01 0.000000000000000000e+00
2.525523455225295866e-01 9.675206035919707848e-01 0.000000000000000000e+00
-3.642578650629866299e-01 9.320130885503040696e-01 0.000000000000000000e+00
-8.422791151285813349e-01 5.411504257794417239e-01 0.000000000000000000e+00
-9.996422254371994942e-01 -5.577397339382265951e-02 0.000000000000000000e+00
-7.764763124693546681e-01 -6.314385047571098308e-01 0.000000000000000000e+00
-2.574558475367768606e-01 -9.664058787903873071e-01 0.000000000000000000e+00
3.597735018121870909e-01 -9.323215768486855515e-01 0.000000000000000000e+00
8.392310147986442592e-01 -5.414721605243928426e-01 0.000000000000000000e+00
9.969615035374613798e-01 5.689597019593718719e-02 0.000000000000000000e+00
7.723503531987923054e-01 6.334541191380755887e-01 0.000000000000000000e+00
2.517549619372418390e-01 9.673431035856058235e-01 0.000000000000000000e+00
-3.652202666473631232e-01 9.313044781731634192e-01 0.000000000000000000e+00
-8.429276877596869610e-01 5.398561813247741981e-01 0.000000000000000000e+00
-9.996007043506304202e-01 -5.728025035711332980e-02 0.000000000000000000e+00
-7.758081132296327231e-01 -6.326217401562969078e-01 0.000000000000000000e+00
-2.565997517910294512e-01 -9.669964205289919290e-01 0.000000000000000000e+00
3.603977908154087917e-01 -9.324693362652967110e-01 0.000000000000000000e+00
8.395177898276771078e-01 -5.414933658413572104e-01 0.000000000000000000e+00
9.970186137013302696e-01 5.684098422938806128e-02 0.000000000000000000e+00
7.722159984910118569e-01 6.333596568365357227e-01 0.000000000000000000e+00
2.513608065629781563e-01 9.671111976140220889e-01 0.000000000000000000e+00
-3.657953527965299156e-01 9.306789200123373185e-01 0.000000000000000000e+00
-8.433136200589491649e-01 5.386972418587994138e-01 0.000000000000000000e+00
-9.993785786896222101e-01 -5.872345517335541415e-02 0.000000000000000000e+00
-7.749043283842886876e-01 -6.338222127446153653e-01 0.000000000000000000e+00
-2.553886820399244306e-01 -9.675671174560365184e-01 0.000000000000000000e+00
3.614069546161882696e-01 -9.324608702087345824e-01 0.000000000000000000e+00
8.400860069601833180e-01 -5.412732912928637230e-01 0.000000000000000000e+00
9.972506993985701396e-01 5.696698738294585229e-02 0.000000000000000000e+00
7.722835053791047288e-01 6.333336971957681527e-01 0.000000000000000000e+00
2.512870672363588520e-01 9.669443863425470909e-01 0.000000000000000000e+00
-3.660049519498264625e-01 9.302393982269061556e-01 0.000000000000000000e+00
-8.434318421772740715e-01 5.378227539627288278e-01 0.000000000000000000e+00
-9.990178409694452366e-01 -5.991739538171839824e-02 0.000000000000000000e+00
-7.738795899504373743e-01 -6.348787709863279449e-01 0.000000000000000000e+00
-2.539614672549956320e-01 -9.680204691934111150e-01 0.000000000000000000e+00
3.627044107460241640e-01 -9.322301276800720737e-01 0.000000000000000000e+00
8.408817643738223380e-01 -5.407048698410968912e-01 0.000000000000000000e+00
9.975771811160176750e-01 5.744337215522527657e-02 0.000000000000000000e+00
7.724009795948233448e-01 6.335449282299159268e-01 0.000000000000000000e+00
2.513552680755708479e-01 9.669448021561497519e-01 0.000000000000000000e+00
-3.659779538166595958e-01 9.300396502303659441e-01 0.000000000000000000e+00
-8.433540884960093464e-01 5.373115493124067665e-01 0.000000000000000000e+00
-9.985991772294559032e-01 -6.073098077239190429e-02 0.000000000000000000e+00
-7.728761914734524341e-01 -6.356610111096304694e-01 0.000000000000000000e+00
-2.525037047751182984e-01 -9.682902543947847773e-01 0.000000000000000000e+00
3.641242100946225357e-01 -9.317744677571584422e-01 0.000000000000000000e+00
8.417915823412045473e-01 -5.397822695939975546e-01 0.000000000000000000e+00
9.978919501109267953e-01 5.833567100019962370e-02 0.000000000000000000e+00
7.724020582135151525e-01 6.340911158313831120e-01 0.000000000000000000e+00
2.513436748076450789e-01 9.671649830919000213e-01 0.000000000000000000e+00
-3.659152773919200352e-01 9.300636891369640225e-01 0.000000000000000000e+00
-8.432126478358981103e-01 5.371408128776665736e-01 0.000000000000000000e+00
-9.982264363638719828e-01 -6.113228913613824589e-02 0.000000000000000000e+00
-7.720382491273196646e-01 -6.361028659424654563e-01 0.000000000000000000e+00
-2.512086481448738140e-01 -9.683505323322967318e-01 0.000000000000000000e+00
3.654770931681201596e-01 -9.311457013979266284e-01 0.000000000000000000e+00
8.426796929745061782e-01 -5.385942593615929974e-01 0.000000000000000000e+00
9.980974027259107428e-01 5.959142489978704743e-02 0.000000000000000000e+00
7.721568274665637777e-01 6.349716479674843983e-01 0.000000000000000000e+00
2.510547005847139634e-01 9.675918204524881494e-01 0.000000000000000000e+00
-3.660295915095194696e-01 9.302283711877957773e-01 0.000000000000000000e+00
-8.431612193711457426e-01 5.371868520406507530e-01 0.000000000000000000e+00
-9.979956493608506118e-01 -6.120775830107817728e-02 0.000000000000000000e+00
-7.714738114962743643e-01 -6.362310168189672099e-01 0.000000000000000000e+00
-2.502370835920962322e-01 -9.682277054188945797e-01 0.000000000000000000e+00
3.665882487765667053e-01 -9.304340024430055589e-01 0.000000000000000000e+00
8.434213364169210747e-01 -5.372909034048179988e-01 0.000000000000000000e+00
9.981321242655604165e-01 6.106471871549441766e-02 0.000000000000000000e+00
7.716098020276693781e-01 6.360932204799499834e-01 0.000000000000000000e+00
2.503743542194703520e-01 9.681524244384603906e-01 0.000000000000000000e+00
-3.664803121677545628e-01 9.304085701056666879e-01 0.000000000000000000e+00
-8.433273391932861740e-01 5.372602646403652482e-01 0.000000000000000000e+00
-9.979630222275918117e-01 -6.114179719287960585e-02 0.000000000000000000e+00
-7.712172327481218170e-01 -6.361651391408045253e-01 0.000000000000000000e+00
-2.496696208933370520e-01 -9.680029223763304547e-01 0.000000000000000000e+00
3.673364168586495393e-01 -9.297542557669122854e-01 0.000000000000000000e+00
8.439243923184821528e-01 -5.360475207407250364e-01 0.000000000000000000e+00
9.979798996311490811e-01 6.256249452493235774e-02 0.000000000000000000e+00
7.707905350831836255e-01 6.373044808452921206e-01 0.000000000000000000e+00
2.493028021111811932e-01 9.687399272904460013e-01 0.000000000000000000e+00
-3.673264340758859992e-01 9.304764861034878765e-01 0.000000000000000000e+00
-8.437730869477348961e-01 5.371637663655196571e-01 0.000000000000000000e+00
-9.981256170981784859e-01 -6.116218980259813948e-02 0.000000000000000000e+00
-7.712129014673673177e-01 -6.360847859896130441e-01 0.000000000000000000e+00
-2.494736703183563220e-01 -9.677918164437875337e-01 0.000000000000000000e+00
3.676947990337328664e-01 -9.292211631385223214e-01 0.000000000000000000e+00
8.441525581739044437e-01 -5.350309950629190681e-01 0.000000000000000000e+00
9.976660678120781167e-01 6.388739512604209303e-02 0.000000000000000000e+00
7.697952688795730580e-01 6.384393972908783965e-01 0.000000000000000000e+00
2.479455752178496009e-01 9.692479152884815319e-01 0.000000000000000000e+00
-3.685138926279270533e-01 9.303412290102592852e-01 0.000000000000000000e+00
-8.444779044084871344e-01 5.367525748907842065e-01 0.000000000000000000e+00
-9.984219311839412914e-01 -6.147026604005821626e-02 0.000000000000000000e+00
-7.713294067558924549e-01 -6.361746944141672966e-01 0.000000000000000000e+00
-2.495066118635438923e-01 -9.677087170701381691e-01 0.000000000000000000e+00
3.677486085255901593e-01 -9.289135867231520516e-01 0.000000000000000000e+00
8.441449862746924770e-01 -5.343563015120504911e-01 0.000000000000000000e+00
9.972561924706943026e-01 6.487805530676321597e-02 0.000000000000000000e+00
7.687584329846285369e-01 6.393505779072558015e-01 0.000000000000000000e+00
2.464744638660984477e-01 9.695960393871513316e-01 0.000000000000000000e+00
-3.699004291993774340e-01 9.299732555167657955e-01 0.000000000000000000e+00
-8.453495193399739316e-01 5.359760427021581508e-01 0.000000000000000000e+00
-9.987521600264481769e-01 -6.218032551607977076e-02 0.000000000000000000e+00
-7.713994952837743835e-01 -6.365680155707353904e-01 0.000000000000000000e+00
-2.495568272120073650e-01 -9.678302469756261406e-01 0.000000000000000000e+00
3.676744730148796547e-01 -9.288462342860790422e-01 0.000000000000000000e+00
8.440118515247578834e-01 -5.340461199699557682e-01 0.000000000000000000e+00
9.968477214074004111e-01 6.545560734546673753e-02 0.000000000000000000e+00
7.678279670974719195e-01 6.399403785698917213e-01 0.000000000000000000e+00
2.450843089449742385e-01 9.697407712106703714e-01 0.000000000000000000e+00
-3.713016951390497589e-01 9.294040108927118515e-01 0.000000000000000000e+00
-8.462571909095971678e-01 5.348857416258522290e-01 0.000000000000000000e+00
-9.990108854047359266e-01 -6.328942997861888853e-02 0.000000000000000000e+00
-7.712716936374124366e-01 -6.373072497611060871e-01 0.000000000000000000e+00
-2.494081544789087390e-01 -9.681715447607243119e-01 0.000000000000000000e+00
3.676879708840047334e-01 -9.289623968572918722e-01 0.000000000000000000e+00
8.439029768467589676e-01 -5.340172559644545958e-01 0.000000000000000000e+00
9.965439941217559827e-01 6.565597812555837298e-02 0.000000000000000000e+00
7.671325359091708540e-01 6.401940283894529404e-01 0.000000000000000000e+00
2.439551928179889695e-01 9.696855320462978156e-01 0.000000000000000000e+00
-3.725332279975852035e-01 9.287096026557581929e-01 0.000000000000000000e+00
-8.470692368707367637e-01 5.336102928529138367e-01 0.000000000000000000e+00
-9.991193066803902845e-01 -6.468707245139745932e-02 0.000000000000000000e+00
-7.708556191839397442e-01 -6.383361591075964458e-01 0.000000000000000000e+00
-2.489052677927638124e-01 -9.686831195948530926e-01 0.000000000000000000e+00
3.679779874900284131e-01 -9.291506452137224814e-01 0.000000000000000000e+00
8.439619141691379056e-01 -5.341025628789870527e-01 0.000000000000000000e+00
9.964209330724582703e-01 6.562599595792013851e-02 0.000000000000000000e+00
7.667414374648332531e-01 6.401930937855246917e-01 0.000000000000000000e+00
2.432073580072903751e-01 9.694892233967824513e-01 0.000000000000000000e+00
-3.734464473448658728e-01 9.279965735738581190e-01 0.000000000000000000e+00
-8.476782907768597441e-01 5.323176124159230138e-01 0.000000000000000000e+00
-9.990425038530643675e-01 -6.619570899631314898e-02 0.000000000000000000e+00
-7.701448612131848170e-01 -6.395239333926064917e-01 0.000000000000000000e+00
-2.479977048351380275e-01 -9.692691431459715679e-01 0.000000000000000000e+00
3.686503810512197776e-01 -9.292794532940307217e-01 0.000000000000000000e+00
8.442819561854663091e-01 -5.341009722660065018e-01 0.000000000000000000e+00
9.965016325074520509e-01 6.558183106741377610e-02 0.000000000000000000e+00
7.666378704114550358e-01 6.400958422652432978e-01 0.000000000000000000e+00
2.428593250042358487e-01 9.692557019025658249e-01 0.000000000000000000e+00
-3.739699377641174105e-01 9.273835821303404447e-01 0.000000000000000000e+00
-8.480216499708610467e-01 5.311822510595773927e-01 0.000000000000000000e+00
-9.987886994010657382e-01 -6.761649868606060820e-02 0.000000000000000000e+00
-7.692097977003073961e-01 -6.407073944825869560e-01 0.000000000000000000e+00
-2.467478774161518396e-01 -9.698196905485815256e-01 0.000000000000000000e+00
3.696998416978714008e-01 -9.292379234965114643e-01 0.000000000000000000e+00
8.448788446759517567e-01 -5.338384801801970836e-01 0.000000000000000000e+00
9.967483498083565818e-01 6.574403183627755554e-02 0.000000000000000000e+00
7.667199155090185236e-01 6.400906763362241847e-01 0.000000000000000000e+00
2.428142435060338389e-01 9.691035415489756000e-01 0.000000000000000000e+00
-3.741396138318053843e-01 9.269691688977668154e-01 0.000000000000000000e+00
-8.481044114873567130e-01 5.303473596154530956e-01 0.000000000000000000e+00
-9.984062225058645268e-01 -6.876770955446945277e-02 0.000000000000000000e+00
-7.681709006357335667e-01 -6.417285427434412659e-01 0.000000000000000000e+00
-2.453032272765874600e-01 -9.702415989633480509e-01 0.000000000000000000e+00
3.710188095799968333e-01 -9.289681384918431206e-01 0.000000000000000000e+00
8.456892824392696628e-01 -5.332196219776919044e-01 0.000000000000000000e+00
9.970745020065300279e-01 6.627104156970797799e-02 0.000000000000000000e+00
7.668299184954773251e-01 6.403389123082624534e-01 0.000000000000000000e+00
2.428845105200664878e-01 9.691288567372327023e-01 0.000000000000000000e+00
-3.740956767312607623e-01 9.267983216637368793e-01 0.000000000000000000e+00
-8.480073964948922072e-01 5.298802466225718266e-01 0.000000000000000000e+00
-9.979807281804627950e-01 -6.952858860118370232e-02 0.000000000000000000e+00
-7.671732924366844175e-01 -6.424639303932847545e-01 0.000000000000000000e+00
-2.438526681233316173e-01 -9.704745441300840492e-01 0.000000000000000000e+00
3.724363485191882206e-01 -9.284761593099307708e-01 0.000000000000000000e+00
8.465951821983230818e-01 -5.322517319909946254e-01 0.000000000000000000e+00
9.973727436089402376e-01 6.721354986302974233e-02 0.000000000000000000e+00
7.668024875885380842e-01 6.409261486709196820e-01 0.000000000000000000e+00
2.428472804248638095e-01 9.693749634187514008e-01 0.000000000000000000e+00
-3.740436296432985142e-01 9.268447594222672947e-01 0.000000000000000000e+00
-8.478674368500419556e-01 5.297443059133269960e-01 0.000000000000000000e+00
-9.976170809820636975e-01 -6.988175009891081646e-02 0.000000000000000000e+00
-7.663595117833629233e-01 -6.428585275647991093e-01 0.000000000000000000e+00
-2.425881039840359077e-01 -9.704997653488524056e-01 0.000000000000000000e+00
3.737635843468024022e-01 -9.278207133352516234e-01 0.000000000000000000e+00
8.474614704588804281e-01 -5.310339744131666873e-01 0.000000000000000000e+00
9.975491456282392644e-01 6.850536545667781918e-02 0.000000000000000000e+00
7.665150169675467584e-01 6.418388562750131365e-01 0.000000000000000000e+00
2.425122814447505659e-01 9.698193232571036271e-01 0.000000000000000000e+00
-3.741923190000366328e-01 9.270168934081933765e-01 0.000000000000000000e+00
-8.478364408351053427e-01 5.298043796944594819e-01 0.000000000000000000e+00
-9.974072765714585564e-01 -6.992778184102732553e-02 0.000000000000000000e+00
-7.658303148836690388e-01 -6.429514909615346996e-01 0.000000000000000000e+00
-2.416630746126024187e-01 -9.703517207323905103e-01 0.000000000000000000e+00
3.748306161680937665e-01 -9.270971467601097915e-01 0.000000000000000000e+00
8.481675657753029451e-01 -5.297221662996550728e-01 0.000000000000000000e+00
9.975488848983635748e-01 6.999202364718333513e-02 0.000000000000000000e+00
7.659229781392545844e-01 6.429743161472686319e-01 0.000000000000000000e+00
2.417787610230061057e-01 9.703825249102197015e-01 0.000000000000000000e+00
-3.746901342608381924e-01 9.271857951968223155e-01 0.000000000000000000e+00
-8.480342724265296228e-01 5.298658333877557247e-01 0.000000000000000000e+00
-9.973995394988190988e-01 -6.985995309437453837e-02 0.000000000000000000e+00
-7.656086379373930884e-01 -6.428720215763943369e-01 0.000000000000000000e+00
-2.411452689522534665e-01 -9.701176796250199352e-01 0.000000000000000000e+00
3.755263809855029500e-01 -9.264229179666167990e-01 0.000000000000000000e+00
8.486281330381395538e-01 -5.284932618321112052e-01 0.000000000000000000e+00
9.973625671732220255e-01 7.147784877972224171e-02 0.000000000000000000e+00
7.650665026205292207e-01 6.441776502144643812e-01 0.000000000000000000e+00
2.406614283889809136e-01 9.709561013301198917e-01 0.000000000000000000e+00
-3.755815798531571548e-01 9.272257103520966659e-01 0.000000000000000000e+00
-8.485119662567198739e-01 5.297341457391070429e-01 0.000000000000000000e+00
-9.975816138770717822e-01 -6.990650881962247321e-02 0.000000000000000000e+00
-7.656270435705107014e-01 -6.428027651709594670e-01 0.000000000000000000e+00
-2.409871887008010471e-01 -9.699147160793298861e-01 0.000000000000000000e+00
3.758380078501473709e-01 -9.259105191280867508e-01 0.000000000000000000e+00
8.488164594717860778e-01 -5.275107145892411475e-01 0.000000000000000000e+00
9.970219857102945449e-01 7.276775527208806382e-02 0.000000000000000000e+00
7.640491757175974508e-01 6.452844051745182385e-01 0.000000000000000000e+00
2.392768729049093157e-01 9.714367203560518860e-01 0.000000000000000000e+00
-3.767995703040380451e-01 9.270527097249270376e-01 0.000000000000000000e+00
-8.492382562051765671e-01 5.292742581375795563e-01 0.000000000000000000e+00
-9.978844241795280512e-01 -7.026067123553692007e-02 0.000000000000000000e+00
-7.657458791283514588e-01 -6.429239494445514458e-01 0.000000000000000000e+00
-2.410343823507948291e-01 -9.698531291339996807e-01 0.000000000000000000e+00
3.758638827761321966e-01 -9.256315605301883576e-01 0.000000000000000000e+00
8.487817742528296350e-01 -5.268799850889132053e-01 0.000000000000000000e+00
9.965985617642089123e-01 7.370827869931804999e-02 0.000000000000000000e+00
7.630095428542463809e-01 6.461525000516460393e-01 0.000000000000000000e+00
2.378023219618284612e-01 9.717495230184296506e-01 0.000000000000000000e+00
-3.781942049282605578e-01 9.266462249640599058e-01 0.000000000000000000e+00
-8.501140134559483919e-01 5.284486990255802263e-01 0.000000000000000000e+00
-9.982048057888890380e-01 -7.102289220635588096e-02 0.000000000000000000e+00
-7.657959491040076117e-01 -6.433581105326694471e-01 0.000000000000000000e+00
-2.410705179072948345e-01 -9.700013098571752534e-01 0.000000000000000000e+00
3.757884242179351797e-01 -9.255906477668286447e-01 0.000000000000000000e+00
8.486410413804889030e-01 -5.266103197452716156e-01 0.000000000000000000e+00
9.961926495693040895e-01 7.423380921025059254e-02 0.000000000000000000e+00
7.620960287272970923e-01 6.466937501581677683e-01 0.000000000000000000e+00
2.364332086667290111e-01 9.718575681836089109e-01 0.000000000000000000e+00
-3.795795310857852933e-01 9.260454984829666891e-01 0.000000000000000000e+00
-8.510071453389482787e-01 5.273210483175297947e-01 0.000000000000000000e+00
-9.984391156541346790e-01 -7.217543318850953848e-02 0.000000000000000000e+00
-7.656306506790138133e-01 -6.441346249520162326e-01 0.000000000000000000e+00
-2.408833640765725703e-01 -9.703646762920498103e-01 0.000000000000000000e+00
3.758269246558902932e-01 -9.257214653804908266e-01 0.000000000000000000e+00
8.485450005635500892e-01 -5.266055489336570750e-01 0.000000000000000000e+00
