5.200000000000000178e+00 0.000000000000000000e+00 0.000000000000000000e+00
5.192701673729327005e+00 2.754710652135624049e-01 0.000000000000000000e+00
5.170827215195332727e+00 5.501688792091073976e-01 0.000000000000000000e+00
5.134438121949547629e+00 8.233223662663969877e-01 0.000000000000000000e+00
5.083636687703358525e+00 1.094164800602378085e+00 0.000000000000000000e+00
5.018565710590837448e+00 1.361935969283364800e+00 0.000000000000000000e+00
4.939408089051156026e+00 1.625884315074000330e+00 0.000000000000000000e+00
4.846386304221055319e+00 1.885269053649758941e+00 0.000000000000000000e+00
4.739761789788999202e+00 2.139362259660585686e+00 0.000000000000000000e+00
4.619834191061580775e+00 2.387450916016283564e+00 0.000000000000000000e+00
4.486940515631985704e+00 2.628838921380523441e+00 0.000000000000000000e+00
4.341454179938923907e+00 2.862849051899581720e+00 0.000000000000000000e+00
4.183783957875021997e+00 3.088824870547788315e+00 0.000000000000000000e+00
4.014372830250031221e+00 3.306132571264443154e+00 0.000000000000000000e+00
3.833696728956248911e+00 3.514162753534417316e+00 0.000000000000000000e+00
3.642263185012122317e+00 3.712332131176111716e+00 0.000000000000000000e+00
3.440609891636753126e+00 3.900085169865159074e+00 0.000000000000000000e+00
3.229303185194954740e+00 4.076895645562604642e+00 0.000000000000000000e+00
3.008936446300797485e+00 4.242268118843974811e+00 0.000000000000000000e+00
2.780128425009621207e+00 4.395739321167274838e+00 0.000000000000000000e+00
2.543521494675807570e+00 4.536879449462136726e+00 0.000000000000000000e+00
2.299779839241950619e+00 4.665293366373111539e+00 0.000000000000000000e+00
2.049587579897619527e+00 4.780621705410704969e+00 0.000000000000000000e+00
1.793646850034794182e+00 4.882541878410211034e+00 0.000000000000000000e+00
1.532675823703888218e+00 4.970768973437671434e+00 0.000000000000000000e+00
1.267406694672307044e+00 5.045056537659118767e+00 0.000000000000000000e+00
9.985836127656063654e-01 5.105197253707508764e+00 0.000000000000000000e+00
7.269605895051561850e-01 5.151023510199103761e+00 0.000000000000000000e+00
4.532993792418980594e-01 5.182407861472624333e+00 0.000000000000000000e+00
1.783673403976357985e-01 5.199263373889220219e+00 0.000000000000000000e+00
-9.706471775524257162e-02 5.201543857656327319e+00 0.000000000000000000e+00
-3.722246970614962458e-01 5.189243983742697353e+00 0.000000000000000000e+00
-6.463413758902447626e-01 5.162399286421964995e+00 0.000000000000000000e+00
-9.186465725883814493e-01 5.121086054299387236e+00 0.000000000000000000e+00
-1.188377297752653883e+00 5.065421112108240642e+00 0.000000000000000000e+00
-1.454777885041431684e+00 4.995561485382607358e+00 0.000000000000000000e+00
-1.717102100803021836e+00 4.911703943130537375e+00 0.000000000000000000e+00
-1.974615230852987402e+00 4.814084429925657105e+00 0.000000000000000000e+00
-2.226596134591008802e+00 4.702977393569476305e+00 0.000000000000000000e+00
-2.472339258989421307e+00 4.578695007413950080e+00 0.000000000000000000e+00
-2.711156607295687415e+00 4.441586287784539344e+00 0.000000000000000000e+00
-2.942379657413447980e+00 4.292036108634061264e+00 0.000000000000000000e+00
-3.165361225056837036e+00 4.130464116158864663e+00 0.000000000000000000e+00
-3.379477267711842536e+00 3.957323546747434584e+00 0.000000000000000000e+00
-3.584128626499833103e+00 3.773099953757737435e+00 0.000000000000000000e+00
-3.778742698884995921e+00 3.578309849788487096e+00 0.000000000000000000e+00
-3.962775029442840768e+00 3.373499262455526893e+00 0.000000000000000000e+00
-4.135710817596194744e+00 3.159242200190177208e+00 0.000000000000000000e+00
-4.297066346690162852e+00 2.936139039279488827e+00 0.000000000000000000e+00
-4.446390328972001704e+00 2.704814841853470320e+00 0.000000000000000000e+00
-4.583265159945829836e+00 2.465917607803670641e+00 0.000000000000000000e+00
-4.707308078165559628e+00 2.220116463846519395e+00 0.000000000000000000e+00
-4.818172227435118415e+00 1.968099794234209332e+00 0.000000000000000000e+00
-4.915547618827750043e+00 1.710573317988478559e+00 0.000000000000000000e+00
-4.999161991159839502e+00 1.448258117573310244e+00 0.000000000000000000e+00
-5.068781570532627789e+00 1.181888625332586873e+00 0.000000000000000000e+00
-5.124211725903496273e+00 9.122105771674626773e-01 0.000000000000000000e+00
-5.165297508563244655e+00 6.399789378409209695e-01 0.000000000000000000e+00
-5.191924074208162487e+00 3.659557956668749723e-01 0.000000000000000000e+00
-5.204016997181703630e+00 9.090823444778957374e-02 0.000000000000000000e+00
-5.201542476727115449e+00 -1.843938066244631135e-01 0.000000000000000000e+00
-5.184507431416292000e+00 -4.591796793594202786e-01 0.000000000000000000e+00
-5.152959480299912798e+00 -7.326801744094535440e-01 0.000000000000000000e+00
-5.106986810665050669e+00 -1.004129665128709492e+00 0.000000000000000000e+00
-5.046717932846081389e+00 -1.272768241996142580e+00 0.000000000000000000e+00
-4.972321323680320759e+00 -1.537843832807472610e+00 0.000000000000000000e+00
-4.884004962657999549e+00 -1.798614303491723465e+00 0.000000000000000000e+00
-4.782015762684129534e+00 -2.054349529465226531e+00 0.000000000000000000e+00
-4.666638887025769122e+00 -2.304333427876223972e+00 0.000000000000000000e+00
-4.538196951509696930e+00 -2.547865952479007046e+00 0.000000000000000000e+00
-4.397049124404308174e+00 -2.784265048861712888e+00 0.000000000000000000e+00
-4.243590128782535054e+00 -3.012868560813093399e+00 0.000000000000000000e+00
-4.078249147189307422e+00 -3.233036081127845129e+00 0.000000000000000000e+00
-3.901488630133688407e+00 -3.444150741986111708e+00 0.000000000000000000e+00
-3.713803011278846267e+00 -3.645620940222418671e+00 0.000000000000000000e+00
-3.515717332655015070e+00 -3.836881993130519142e+00 0.000000000000000000e+00
-3.307785783905548449e+00 -4.017397721704091929e+00 0.000000000000000000e+00
-3.090590161981911166e+00 -4.186661959031360070e+00 0.000000000000000000e+00
-2.864738258042849317e+00 -4.344199975588104223e+00 0.000000000000000000e+00
-2.630862168964109404e+00 -4.489569809059853256e+00 0.000000000000000000e+00
-2.389616532747969480e+00 -4.622363500778410739e+00 0.000000000000000000e+00
-2.141676700007743239e+00 -4.742208242834973220e+00 0.000000000000000000e+00
-1.887736849940868655e+00 -4.848767430215107588e+00 0.000000000000000000e+00
-1.628508054206533551e+00 -4.941741612373517611e+00 0.000000000000000000e+00
-1.364716292783965779e+00 -5.020869341035550271e+00 0.000000000000000000e+00
-1.097100426869591638e+00 -5.085927911819601910e+00 0.000000000000000000e+00
-8.264101340231628789e-01 -5.136733997832869214e+00 0.000000000000000000e+00
-5.534038107011206575e-01 -5.173144174937359452e+00 0.000000000000000000e+00
-2.788464491530600609e-01 -5.195055340228051932e+00 0.000000000000000000e+00
-3.507498995817508701e-03 -5.202405019563060229e+00 0.000000000000000000e+00
2.718412827746675142e-01 -5.195171552410516647e+00 0.000000000000000000e+00
5.464279946482623052e-01 -5.173374156893588705e+00 0.000000000000000000e+00
8.194827575212353388e-01 -5.137072884571705522e+00 0.000000000000000000e+00
1.090239875777532230e+00 -5.086368464128048217e+00 0.000000000000000000e+00
1.357939986714111091e+00 -5.021402031289981416e+00 0.000000000000000000e+00
1.621832193009609346e+00 -4.942354744668652877e+00 0.000000000000000000e+00
1.881176172569917648e+00 -4.849447288326881988e+00 0.000000000000000000e+00
2.135244260326803367e+00 -4.742939262448001791e+00 0.000000000000000000e+00
2.383323497498877508e+00 -4.623128464864434406e+00 0.000000000000000000e+00
2.624717642947394403e+00 -4.490350068728654165e+00 0.000000000000000000e+00
2.858749135131989139e+00 -4.344975697750956378e+00 0.000000000000000000e+00
3.084760995948290674e+00 -4.187412391034810888e+00 0.000000000000000000e+00
3.302118679470199325e+00 -4.018101460787165458e+00 0.000000000000000000e+00
3.510211862459716503e+00 -3.837517255621863743e+00 0.000000000000000000e+00
3.708456167835634698e+00 -3.646165833557772462e+00 0.000000000000000000e+00
3.896294814948014995e+00 -3.444583545795595114e+00 0.000000000000000000e+00
4.073200192054030389e+00 -3.233335534139154088e+00 0.000000000000000000e+00
4.238675346677119649e+00 -3.013014145978756719e+00 0.000000000000000000e+00
4.392255390114192970e+00 -2.784237271070715281e+00 0.000000000000000000e+00
4.533508813987094932e+00 -2.547646605101085537e+00 0.000000000000000000e+00
4.662038717012966238e+00 -2.303905847754323055e+00 0.000000000000000000e+00
4.777483932327466931e+00 -2.053698842389578338e+00 0.000000000000000000e+00
4.879520044550494262e+00 -1.797727654899627270e+00 0.000000000000000000e+00
4.967860301982495841e+00 -1.536710594063193547e+00 0.000000000000000000e+00
5.042256427386632822e+00 -1.271380186051717986e+00 0.000000000000000000e+00
5.102499321980948466e+00 -1.002481110868851166e+00 0.000000000000000000e+00
5.148419658371560459e+00 -7.307681050337331286e-01 0.000000000000000000e+00
5.179888360312815188e+00 -4.570038355883165870e-01 0.000000000000000000e+00
5.196816967936702447e+00 -1.819567511613942867e-01 0.000000000000000000e+00
5.199157887807622558e+00 9.360108429310050326e-02 0.000000000000000000e+00
5.186904529065881064e+00 3.688961696765679643e-01 0.000000000000000000e+00
5.160091328338474170e+00 6.431557489778412240e-01 0.000000000000000000e+00
5.118793658328716134e+00 9.156099863387324733e-01 0.000000000000000000e+00
5.063127610384270838e+00 1.185494131012725605e+00 0.000000000000000000e+00
4.993249658278322123e+00 1.452050672702161593e+00 0.000000000000000000e+00
4.909356212350535209e+00 1.714531477992850439e+00 0.000000000000000000e+00
4.811683063400099769e+00 1.972199898781687111e+00 0.000000000000000000e+00
4.700504715401180533e+00 2.224332846913457118e+00 0.000000000000000000e+00
4.576133608270992248e+00 2.470222829633477168e+00 0.000000000000000000e+00
4.438919232823628214e+00 2.709179940365918249e+00 0.000000000000000000e+00
4.289247140591555763e+00 2.940533799895392875e+00 0.000000000000000000e+00
4.127537852814266550e+00 3.163635444253798390e+00 0.000000000000000000e+00
3.954245675266289783e+00 3.377859153837674988e+00 0.000000000000000000e+00
3.769857419966061940e+00 3.582604211258311189e+00 0.000000000000000000e+00
3.574891027469373928e+00 3.777296581450825919e+00 0.000000000000000000e+00
3.369894096944791695e+00 3.961390518613463918e+00 0.000000000000000000e+00
3.155442336335052556e+00 4.134370096442602893e+00 0.000000000000000000e+00
2.932137936601050043e+00 4.295750653897693283e+00 0.000000000000000000e+00
2.700607872554185551e+00 4.445080151448881800e+00 0.000000000000000000e+00
2.461502134368529493e+00 4.581940434114494920e+00 0.000000000000000000e+00
2.215491894581664845e+00 4.705948397993982901e+00 0.000000000000000000e+00
1.963267615516156805e+00 4.816757057853203960e+00 0.000000000000000000e+00
1.705537102866283794e+00 4.914056515281007620e+00 0.000000000000000000e+00
1.443023514246888794e+00 4.997574826170341211e+00 0.000000000000000000e+00
1.176463329737604591e+00 5.067078756970071929e+00 0.000000000000000000e+00
9.066042822482816010e-01 5.122374422187318643e+00 0.000000000000000000e+00
6.342032522607078393e-01 5.163307811614481047e+00 0.000000000000000000e+00
3.600241390657091811e-01 5.189765210136560114e+00 0.000000000000000000e+00
8.483571557089529536e-02 5.201673505748443560e+00 0.000000000000000000e+00
-1.905905285517230929e-01 5.199000383203810749e+00 0.000000000000000000e+00
-4.654825499672428646e-01 5.181754402574386908e+00 0.000000000000000000e+00
-7.390699153000519495e-01 5.149984962668920474e+00 0.000000000000000000e+00
-1.010585959964706460e+00 5.103782150095686809e+00 0.000000000000000000e+00
-1.279269937174383864e+00 5.043276476939493769e+00 0.000000000000000000e+00
-1.544369148730036834e+00 4.968638510535549280e+00 0.000000000000000000e+00
-1.805141046270118732e+00 4.880078389411031559e+00 0.000000000000000000e+00
-2.060855301743179435e+00 4.777845218917502024e+00 0.000000000000000000e+00
-2.310795847342336895e+00 4.662226357059355841e+00 0.000000000000000000e+00
-2.554262876004997462e+00 4.533546598604508482e+00 0.000000000000000000e+00
-2.790574794563948302e+00 4.392167257379144374e+00 0.000000000000000000e+00
-3.019070124335942129e+00 4.238485147324334790e+00 0.000000000000000000e+00
-3.239109344300031168e+00 4.072931464698353210e+00 0.000000000000000000e+00
-3.450076672142795786e+00 3.895970574471677494e+00 0.000000000000000000e+00
-3.651381779323673360e+00 3.708098704462678086e+00 0.000000000000000000e+00
-3.842461437668724500e+00 3.509842552590322740e+00 0.000000000000000000e+00
-4.022781091821072685e+00 3.301757814598231811e+00 0.000000000000000000e+00
-4.191836344686051596e+00 3.084427632454124435e+00 0.000000000000000000e+00
-4.349154352695789427e+00 2.858460959093519271e+00 0.000000000000000000e+00
-4.494295136627122211e+00 2.624490849127135483e+00 0.000000000000000000e+00
-4.626852804188278157e+00 2.383172686452468714e+00 0.000000000000000000e+00
-4.746456677840902749e+00 2.135182352584107601e+00 0.000000000000000000e+00
-4.852772323963073120e+00 1.881214339043794759e+00 0.000000000000000000e+00
-4.945502480614458740e+00 1.621979808431775139e+00 0.000000000000000000e+00
-5.024387881621460217e+00 1.358204609224504145e+00 0.000000000000000000e+00
-5.089207975789817873e+00 1.090627249285023526e+00 0.000000000000000000e+00
-5.139781542179067131e+00 8.199968340539296463e-01 0.000000000000000000e+00
-5.175967200040239469e+00 5.470709788401285634e-01 0.000000000000000000e+00
-5.197663802152046486e+00 2.726137015930367724e-01 0.000000000000000000e+00
-5.204810707963734018e+00 -2.606705976619010014e-03 0.000000000000000000e+00
-5.197387946713509344e+00 -2.778198230720801409e-01 0.000000000000000000e+00
-5.175416272320296329e+00 -5.522552492578814975e-01 0.000000000000000000e+00
-5.138957106570635425e+00 -8.251447522752675123e-01 0.000000000000000000e+00
-5.088112369262365320e+00 -1.095724409315895098e+00 0.000000000000000000e+00
-5.023024195508402734e+00 -1.363236736366304935e+00 0.000000000000000000e+00
-4.943874540988621114e+00 -1.626932800177296246e+00 0.000000000000000000e+00
-4.850884676902935233e+00 -1.886074308096336472e+00 0.000000000000000000e+00
-4.744314578782882208e+00 -2.139935671144096219e+00 0.000000000000000000e+00
-4.624462212583502208e+00 -2.387806031119715122e+00 0.000000000000000000e+00
-4.491662711240198114e+00 -2.628991240654448447e+00 0.000000000000000000e+00
-4.346287438723121177e+00 -2.862815796873953378e+00 0.000000000000000000e+00
-4.188742953751335207e+00 -3.088624728475339865e+00 0.000000000000000000e+00
-4.019469879762827880e+00 -3.305785427621467321e+00 0.000000000000000000e+00
-3.838941681539022710e+00 -3.513689419589713925e+00 0.000000000000000000e+00
-3.647663350150224026e+00 -3.711754065337346642e+00 0.000000000000000000e+00
-3.446169999356282876e+00 -3.899424192506337761e+00 0.000000000000000000e+00
-3.235025377078648567e+00 -4.076173650694140171e+00 0.000000000000000000e+00
-3.014820296057917570e+00 -4.241506788002102901e+00 0.000000000000000000e+00
-2.786170989929789954e+00 -4.394959847153982579e+00 0.000000000000000000e+00
-2.549717402445097481e+00 -4.536102274495668496e+00 0.000000000000000000e+00
-2.306121409295968760e+00 -4.664537928886768547e+00 0.000000000000000000e+00
-2.056064970459095864e+00 -4.779906190729426463e+00 0.000000000000000000e+00
-1.800248224122359630e+00 -4.881882977006005042e+00 0.000000000000000000e+00
-1.539387531850775703e+00 -4.970181658007482461e+00 0.000000000000000000e+00
-1.274213479022482387e+00 -5.044553870151357700e+00 0.000000000000000000e+00
-1.005468834720230964e+00 -5.104790221809492046e+00 0.000000000000000000e+00
-7.339064762588590751e-01 -5.150720890070856761e+00 0.000000000000000000e+00
-4.602872837151430474e-01 -5.182216106901833541e+00 0.000000000000000000e+00
-1.853780096090012486e-01 -5.199186534549093963e+00 0.000000000000000000e+00
9.005086978517008733e-02 -5.201583532197311399e+00 0.000000000000000000e+00
3.652273110637221931e-01 -5.189399311667282966e+00 0.000000000000000000e+00
6.393798623778192969e-01 -5.162666970714753667e+00 0.000000000000000000e+00
9.117398259607568667e-01 -5.121460404580218118e+00 0.000000000000000000e+00
1.181543417469500978e+00 -5.065894106535629327e+00 0.000000000000000000e+00
1.448033911813531027e+00 -4.996122858287053603e+00 0.000000000000000000e+00
1.710463769177436255e+00 -4.912341307834584114e+00 0.000000000000000000e+00
1.968096735939005582e+00 -4.814783434677688767e+00 0.000000000000000000e+00
2.220209914895713510e+00 -4.703721903540742488e+00 0.000000000000000000e+00
2.466095799413853484e+00 -4.579467308341671483e+00 0.000000000000000000e+00
2.705064267105573350e+00 -4.442367309281984866e+00 0.000000000000000000e+00
2.936444528423236111e+00 -4.292805668533118180e+00 0.000000000000000000e+00
3.159587019542184905e+00 -4.131201187801823771e+00 0.000000000000000000e+00
3.373865229019954892e+00 -3.958006540944501772e+00 0.000000000000000000e+00
3.578677460761860996e+00 -3.773707002711274239e+00 0.000000000000000000e+00
3.773448532338375738e+00 -3.578819086673584948e+00 0.000000000000000000e+00
3.957631400263657451e+00 -3.373889098035216527e+00 0.000000000000000000e+00
4.130708705862707220e+00 -3.159491602840299507e+00 0.000000000000000000e+00
4.292194237272560109e+00 -2.936227816621434172e+00 0.000000000000000000e+00
4.441634303541869500e+00 -2.704723916678332785e+00 0.000000000000000000e+00
4.578609017322672337e+00 -2.465629282489051555e+00 0.000000000000000000e+00
4.702733484217508142e+00 -2.219614669257711004e+00 0.000000000000000000e+00
4.813658897813774651e+00 -1.967370322083453305e+00 0.000000000000000000e+00
4.911073532456792456e+00 -1.709604039121635166e+00 0.000000000000000000e+00
4.994703621786912073e+00 -1.447039183069834367e+00 0.000000000000000000e+00
5.064314127098065832e+00 -1.180412641510783178e+00 0.000000000000000000e+00
5.119709401121681047e+00 -9.104727481034752268e-01 0.000000000000000000e+00
5.160733742935146751e+00 -6.379771735136352540e-01 0.000000000000000000e+00
5.187271839775692506e+00 -3.636907908028045311e-01 0.000000000000000000e+00
5.199249093899893204e+00 -8.838352040590126413e-02 0.000000000000000000e+00
5.196631833529126610e+00 1.871718395037827165e-01 0.000000000000000000e+00
5.179427407570988073e+00 4.622017915599395121e-01 0.000000000000000000e+00
5.147684165525786781e+00 7.359343213783269277e-01 0.000000000000000000e+00
5.101491325960121337e+00 1.007601076207581103e+00 0.000000000000000000e+00
5.040978730633395521e+00 1.276439528533873213e+00 0.000000000000000000e+00
4.966316474214459653e+00 1.541695119635433153e+00 0.000000000000000000e+00
4.877714414907978302e+00 1.802623384646033555e+00 0.000000000000000000e+00
4.775421576770551013e+00 2.058492051429971603e+00 0.000000000000000000e+00
4.659725444479645873e+00 2.308583103758486743e+00 0.000000000000000000e+00
4.530951149852133319e+00 2.552194802749220948e+00 0.000000000000000000e+00
4.389460551591613857e+00 2.788643661301013044e+00 0.000000000000000000e+00
4.235651210763760943e+00 3.017266366206788231e+00 0.000000000000000000e+00
4.069955264985493315e+00 3.237421643141349392e+00 0.000000000000000000e+00
3.892838205645418270e+00 3.448492061052716995e+00 0.000000000000000000e+00
3.704797565106408452e+00 3.649885771558678105e+00 0.000000000000000000e+00
3.506361517022035024e+00 3.841038171620769770e+00 0.000000000000000000e+00
3.298087383950587093e+00 4.021413480982360511e+00 0.000000000000000000e+00
3.080560057298539878e+00 4.190506239145695311e+00 0.000000000000000000e+00
2.854390342621648369e+00 4.347842720508950265e+00 0.000000000000000000e+00
2.620213235550704844e+00 4.492982260188787436e+00 0.000000000000000000e+00
2.378686131116438673e+00 4.625518485417956072e+00 0.000000000000000000e+00
2.130486970695494531e+00 4.745080449084206009e+00 0.000000000000000000e+00
1.876312331587264515e+00 4.851333662458499951e+00 0.000000000000000000e+00
1.616875464317706124e+00 4.943981024920620193e+00 0.000000000000000000e+00
1.352904283253117068e+00 5.022763650414375114e+00 0.000000000000000000e+00
1.085139318998652236e+00 5.087461590556932478e+00 0.000000000000000000e+00
8.143316411142350608e-01 5.137894445506926644e+00 0.000000000000000000e+00
5.412407502278105964e-01 5.173921853367940749e+00 0.000000000000000000e+00
2.666324420591015265e-01 5.195443865913602188e+00 0.000000000000000000e+00
-8.723344879473196589e-03 5.202401215708313487e+00 0.000000000000000000e+00
-2.840546899541561698e-01 5.194775471041234383e+00 0.000000000000000000e+00
-5.585898544785364850e-01 5.172589076178540246e+00 0.000000000000000000e+00
-8.315594438101304720e-01 5.135905276504326267e+00 0.000000000000000000e+00
-1.102198561766001061e+00 5.084827928881542114e+00 0.000000000000000000e+00
-1.369748952052070035e+00 5.019501198285779786e+00 0.000000000000000000e+00
-1.633461121975442465e+00 4.940109143758736110e+00 0.000000000000000000e+00
-1.892596440966267890e+00 4.846875198093652415e+00 0.000000000000000000e+00
-2.146429202009689785e+00 4.740061537474390185e+00 0.000000000000000000e+00
-2.394248642888964440e+00 4.619968333508740699e+00 0.000000000000000000e+00
-2.635360929046018263e+00 4.486932896716088415e+00 0.000000000000000000e+00
-2.869091090476221684e+00 4.341328721318526540e+00 0.000000000000000000e+00
-3.094784904392492209e+00 4.183564432237957043e+00 0.000000000000000000e+00
-3.311810718348565885e+00 4.014082635031269497e+00 0.000000000000000000e+00
-3.519561209167797688e+00 3.833358671369985426e+00 0.000000000000000000e+00
-3.717455073165027102e+00 3.641899283412007637e+00 0.000000000000000000e+00
-3.904938643950432553e+00 3.440241190808507543e+00 0.000000000000000000e+00
-4.081487435651329321e+00 3.228949585593231308e+00 0.000000000000000000e+00
-4.246607607226374093e+00 3.008616552702165325e+00 0.000000000000000000e+00
-4.399837335446767028e+00 2.779859418497532264e+00 0.000000000000000000e+00
-4.540748091180871526e+00 2.543319022728098400e+00 0.000000000000000000e+00
-4.668945825551133133e+00 2.299657921611190314e+00 0.000000000000000000e+00
-4.784072064106138278e+00 2.049558533903647284e+00 0.000000000000000000e+00
-4.885804902625655366e+00 1.793721234721896041e+00 0.000000000000000000e+00
-4.973859900679698853e+00 1.532862400607923670e+00 0.000000000000000000e+00
-5.047990870486545489e+00 1.267712410552859215e+00 0.000000000000000000e+00
-5.107990559111014406e+00 9.990136081684196645e-01 0.000000000000000000e+00
-5.153691223004981836e+00 7.275182300743077146e-01 0.000000000000000000e+00
-5.184965096053206324e+00 4.539863061472064754e-01 0.000000000000000000e+00
-5.201724751190105245e+00 1.791835407351259346e-01 0.000000000000000000e+00
-5.203923345657345045e+00 -9.612081703182523418e-02 0.000000000000000000e+00
-5.191554744179150305e+00 -3.711561152577398937e-01 0.000000000000000000e+00
-5.164653530208835441e+00 -6.451524498542184904e-01 0.000000000000000000e+00
-5.123294909118150109e+00 -9.173428127167403412e-01 0.000000000000000000e+00
-5.067594500382260669e+00 -1.186965230411290761e+00 0.000000000000000000e+00
-4.997708017526220736e+00 -1.453264888360006335e+00 0.000000000000000000e+00
-4.913830836334987850e+00 -1.715496235205490105e+00 0.000000000000000000e+00
-4.816197452462569473e+00 -1.972925061945072445e+00 0.000000000000000000e+00
-4.705080830381943358e+00 -2.224830551103748277e+00 0.000000000000000000e+00
-4.580791647866798932e+00 -2.470507291769595604e+00 0.000000000000000000e+00
-4.443677440645783072e+00 -2.709267252312725915e+00 0.000000000000000000e+00
-4.294121642366729219e+00 -2.940441698712774166e+00 0.000000000000000000e+00
-4.132542515247298098e+00 -3.163383057589373326e+00 0.000000000000000000e+00
-3.959391982730294579e+00 -3.377466725638996969e+00 0.000000000000000000e+00
-3.775154372487367738e+00 -3.582092817876024959e+00 0.000000000000000000e+00
-3.580345070897936743e+00 -3.776687847301362755e+00 0.000000000000000000e+00
-3.375509090817915503e+00 -3.960706331157485938e+00 0.000000000000000000e+00
-3.161219556007405895e+00 -4.133632319512538622e+00 0.000000000000000000e+00
-2.938076106116071173e+00 -4.294980842210160077e+00 0.000000000000000000e+00
-2.706703226471779633e+00 -4.444299271317789568e+00 0.000000000000000000e+00
-2.467748508689820319e+00 -4.581168597820730604e+00 0.000000000000000000e+00
-2.221880850452669698e+00 -4.705204617465899908e+00 0.000000000000000000e+00
-1.969788596105714662e+00 -4.816059012708659992e+00 0.000000000000000000e+00
-1.712177615139689912e+00 -4.913420328873121967e+00 0.000000000000000000e+00
-1.449769328086179199e+00 -4.997014851807431768e+00 0.000000000000000000e+00
-1.183298690522987195e+00 -5.066607384360374944e+00 0.000000000000000000e+00
-9.135121399370951245e-01 -5.122001916161755375e+00 0.000000000000000000e+00
-6.411655097492431343e-01 -5.163042183736984647e+00 0.000000000000000000e+00
-3.670219157725406744e-01 -5.189612119211773233e+00 0.000000000000000000e+00
-9.184962060442605769e-02 -5.201636186403339579e+00 0.000000000000000000e+00
1.835801188664154537e-01 -5.199079604312093039e+00 0.000000000000000000e+00
4.584952148304424213e-01 -5.181948460360039199e+00 0.000000000000000000e+00
7.321249125942123070e-01 -5.150289712974777778e+00 0.000000000000000000e+00
1.003701947418515150e+00 -5.104191072956171027e+00 0.000000000000000000e+00
1.272464695801494905e+00 -5.043780761988566397e+00 0.000000000000000000e+00
1.537659316187509617e+00 -4.969227159721144815e+00 0.000000000000000000e+00
1.798541868646612141e+00 -4.880738342146305975e+00 0.000000000000000000e+00
2.054380406716651564e+00 -4.778561509274776853e+00 0.000000000000000000e+00
2.304457036099016420e+00 -4.662982302179061733e+00 0.000000000000000000e+00
2.548069934729443098e+00 -4.534324010930252946e+00 0.000000000000000000e+00
2.784535328910040075e+00 -4.392946675510295051e+00 0.000000000000000000e+00
3.013189421191238893e+00 -4.239246082724855036e+00 0.000000000000000000e+00
3.233390266056535900e+00 -4.073652664659547007e+00 0.000000000000000000e+00
3.444519583911066718e+00 -3.896630303538968665e+00 0.000000000000000000e+00
3.645984501444967218e+00 -3.708675037778102368e+00 0.000000000000000000e+00
3.837219219824385519e+00 -3.510313668300908407e+00 0.000000000000000000e+00
4.017686611912465011e+00 -3.302102277956175058e+00 0.000000000000000000e+00
4.186879740885083301e+00 -3.084624671355773007e+00 0.000000000000000000e+00
4.344323293669539510e+00 -2.858490737187446395e+00 0.000000000000000000e+00
4.489574924883918072e+00 -2.624334736207635022e+00 0.000000000000000000e+00
4.622226507542393392e+00 -2.382813519347034781e+00 0.000000000000000000e+00
4.741905287283278980e+00 -2.134604680688551248e+00 0.000000000000000000e+00
4.848274938346673224e+00 -1.880404650367462072e+00 0.000000000000000000e+00
4.941036521034051887e+00 -1.620926734564757110e+00 0.000000000000000000e+00
5.019929334540913501e+00 -1.356899111845062622e+00 0.000000000000000000e+00
5.084731652578728500e+00 -1.089062787207079497e+00 0.000000000000000000e+00
5.135261344050048748e+00 -8.181695030084389364e-01 0.000000000000000000e+00
5.171376386276196335e+00 -5.449796176046498575e-01 0.000000000000000000e+00
5.192975267848430221e+00 -2.702599615849640147e-01 0.000000000000000000e+00
5.199997276990080408e+00 5.218323191881604761e-03 0.000000000000000000e+00
5.192422673799852895e+00 2.806819565923843740e-01 0.000000000000000000e+00
5.170272745814135540e+00 5.553576994053514015e-01 0.000000000000000000e+00
5.133609746934497231e+00 8.284745329805250913e-01 0.000000000000000000e+00
5.082536721280861869e+00 1.099265834122038710e+00 0.000000000000000000e+00
5.017197215859241055e+00 1.366971538793421592e+00 0.000000000000000000e+00
4.937774881244334502e+00 1.630840283229464172e+00 0.000000000000000000e+00
4.844492950477809146e+00 1.890131515371825222e+00 0.000000000000000000e+00
4.737613599323514002e+00 2.144117578697182225e+00 0.000000000000000000e+00
4.617437199873267950e+00 2.392085762641250835e+00 0.000000000000000000e+00
4.484301469833146925e+00 2.633340309929975920e+00 0.000000000000000000e+00
4.338580517084037247e+00 2.867204374487434038e+00 0.000000000000000000e+00
4.180683781215206452e+00 3.093021924776837128e+00 0.000000000000000000e+00
4.011054874875299880e+00 3.310159587461268149e+00 0.000000000000000000e+00
3.830170328235950716e+00 3.518008426731305871e+00 0.000000000000000000e+00
3.638538240921092903e+00 3.715985656020141636e+00 0.000000000000000000e+00
3.436696848439200203e+00 3.903536278680800553e+00 0.000000000000000000e+00
3.225213008096992073e+00 4.080134647036278039e+00 0.000000000000000000e+00
3.004680599633942961e+00 4.245285929499291733e+00 0.000000000000000000e+00
2.775718843432827487e+00 4.398527490112758009e+00 0.000000000000000000e+00
2.538970549563219770e+00 4.539430181390704533e+00 0.000000000000000000e+00
2.295100304262858604e+00 4.667599543546553598e+00 0.000000000000000000e+00
2.044792596967757614e+00 4.782676904929679118e+00 0.000000000000000000e+00
1.788749892216761062e+00 4.884340380479256893e+00 0.000000000000000000e+00
1.527690651607985339e+00 4.972305765599978500e+00 0.000000000000000000e+00
1.262347311058829469e+00 5.046327323545807708e+00 0.000000000000000000e+00
9.934642188267814866e-01 5.106198466225037258e+00 0.000000000000000000e+00
7.217955423102060397e-01 5.151752329324639668e+00 0.000000000000000000e+00
4.481031532712013155e-01 5.182862234755500452e+00 0.000000000000000000e+00
1.731544922343375703e-01 5.199442029958401434e+00 0.000000000000000000e+00
-1.022795872175004117e-01 5.201446310589060928e+00 0.000000000000000000e+00
-3.774269833061835722e-01 5.188870533762441895e+00 0.000000000000000000e+00
-6.515165113107419526e-01 5.161751019312607269e+00 0.000000000000000000e+00
-9.237800639722558715e-01 5.120164836675026976e+00 0.000000000000000000e+00
-1.193454761738535597e+00 5.064229577225368040e+00 0.000000000000000000e+00
-1.459785087193000486e+00 4.994103012783595474e+00 0.000000000000000000e+00
-1.722024998385943695e+00 4.909982641624247357e+00 0.000000000000000000e+00
-1.979440016581236472e+00 4.812105125097830616e+00 0.000000000000000000e+00
-2.231309281897584818e+00 4.700745619949921128e+00 0.000000000000000000e+00
-2.476927564834866757e+00 4.576217004765722685e+00 0.000000000000000000e+00
-2.715607228535813711e+00 4.438868992494852783e+00 0.000000000000000000e+00
-2.946680144686386615e+00 4.289087136248499910e+00 0.000000000000000000e+00
-3.169499557145967650e+00 4.127291739694745054e+00 0.000000000000000000e+00
-3.383441884840964420e+00 3.953936674138836871e+00 0.000000000000000000e+00
-3.587908458475997708e+00 3.769508103209510352e+00 0.000000000000000000e+00
-3.782327186602772784e+00 3.574523117949767848e+00 0.000000000000000000e+00
-3.966154146770075162e+00 3.369528285941171042e+00 0.000000000000000000e+00
-4.138875098200774261e+00 3.155098118411589159e+00 0.000000000000000000e+00
-4.300006914089478549e+00 2.931833460455183449e+00 0.000000000000000000e+00
-4.449098930445231304e+00 2.700359812249992331e+00 0.000000000000000000e+00
-4.585734199956075230e+00 2.461325585666664484e+00 0.000000000000000000e+00
-4.709530643395646088e+00 2.215400292083966605e+00 0.000000000000000000e+00
-4.820142105373614427e+00 1.963272666977613934e+00 0.000000000000000000e+00
-4.917259314698113393e+00 1.705648743684666346e+00 0.000000000000000000e+00
-5.000610743318626206e+00 1.443249882138934348e+00 0.000000000000000000e+00
-5.069963359966292771e+00 1.176810756272592462e+00 0.000000000000000000e+00
-5.125123276306637443e+00 9.070773048603055777e-01 0.000000000000000000e+00
-5.165936283983482369e+00 6.348046511140468251e-01 0.000000000000000000e+00
-5.192288281774873226e+00 3.607549961825272655e-01 0.000000000000000000e+00
-5.204105594186521522e+00 8.569549192595515841e-02 0.000000000000000000e+00
-5.201355182799512811e+00 -1.896038984421732632e-01 0.000000000000000000e+00
-5.184044742152558172e+00 -4.643725423093191251e-01 0.000000000000000000e+00
-5.152222672622244204e+00 -7.378412823931699283e-01 0.000000000000000000e+00
-5.105977939822034628e+00 -1.009244582475111951e+00 0.000000000000000000e+00
-5.045439826480940582e+00 -1.277822663673750192e+00 0.000000000000000000e+00
-4.970777574586971781e+00 -1.542823623486114570e+00 0.000000000000000000e+00
-4.882199916665927120e+00 -1.803505532442730042e+00 0.000000000000000000e+00
-4.779954496973887856e+00 -2.059138503140289345e+00 0.000000000000000000e+00
-4.664327184087383671e+00 -2.309006726310771196e+00 0.000000000000000000e+00
-4.535641277047609776e+00 -2.552410469232454293e+00 0.000000000000000000e+00
-4.394256609240086320e+00 -2.788668032667703134e+00 0.000000000000000000e+00
-4.240568555575580767e+00 -3.017117659271870700e+00 0.000000000000000000e+00
-4.075006940268397493e+00 -3.237119380893081821e+00 0.000000000000000000e+00
-3.898034839438146548e+00 -3.448056801933183646e+00 0.000000000000000000e+00
-3.710147288492957607e+00 -3.649338822036582997e+00 0.000000000000000000e+00
-3.511869904229998340e+00 -3.840401291873134948e+00 0.000000000000000000e+00
-3.303757423669127391e+00 -4.020708594416716686e+00 0.000000000000000000e+00
-3.086392161596231087e+00 -4.189755146843318734e+00 0.000000000000000000e+00
-2.860382390393597873e+00 -4.347066819017841866e+00 0.000000000000000000e+00
-2.626360646324717774e+00 -4.492202264845240656e+00 0.000000000000000000e+00
-2.384981966673195952e+00 -4.624754163757456737e+00 0.000000000000000000e+00
-2.136922063533944094e+00 -4.744350371434376434e+00 0.000000000000000000e+00
-1.882875442911369435e+00 -4.850654976202374513e+00 0.000000000000000000e+00
-1.623553472931801744e+00 -4.943369248559387863e+00 0.000000000000000000e+00
-1.359682398005157999e+00 -5.022232479678909733e+00 0.000000000000000000e+00
-1.092001306599921229e+00 -5.087022717072298583e+00 0.000000000000000000e+00
-8.212600640808656038e-01 -5.137557396642728591e+00 0.000000000000000000e+00
-5.482172161643723562e-01 -5.173693865838906447e+00 0.000000000000000000e+00
-2.736378674343510897e-01 -5.195329795028646558e+00 0.000000000000000000e+00
1.708459746072514811e-03 -5.202403475673966327e+00 0.000000000000000000e+00
2.770499803222273849e-01 -5.194894004457510484e+00 0.000000000000000000e+00
5.516148104080238479e-01 -5.172821353569545089e+00 0.000000000000000000e+00
8.246331343344387443e-01 -5.136246329728755278e+00 0.000000000000000000e+00
1.095339365178415125e+00 -5.085270423150496377e+00 0.000000000000000000e+00
1.362974289184801346e+00 -5.020035537286110738e+00 0.000000000000000000e+00
1.626787194983829288e+00 -4.940723595536963053e+00 0.000000000000000000e+00
1.886037984670006828e+00 -4.847556036452870920e+00 0.000000000000000000e+00
2.139999256519541149e+00 -4.740793202124625516e+00 0.000000000000000000e+00
2.387958352011790630e+00 -4.620733618316521074e+00 0.000000000000000000e+00
2.629219361813941891e+00 -4.487713166582120827e+00 0.000000000000000000e+00
2.863105085384514137e+00 -4.342104150218813352e+00 0.000000000000000000e+00
3.088958938988977110e+00 -4.184314256505308194e+00 0.000000000000000000e+00
3.306146807899218221e+00 -4.014785418422760266e+00 0.000000000000000000e+00
3.514058839391664524e+00 -3.833992581384244147e+00 0.000000000000000000e+00
3.712111168350756607e+00 -3.642442381089852521e+00 0.000000000000000000e+00
3.899747562604699791e+00 -3.440671729274026092e+00 0.000000000000000000e+00
4.076440987870038057e+00 -3.229246304768521814e+00 0.000000000000000000e+00
4.241695095486840650e+00 -3.008758961932707088e+00 0.000000000000000000e+00
4.395045626422007246e+00 -2.779828065343352694e+00 0.000000000000000000e+00
4.536061724821090380e+00 -2.543095753456259267e+00 0.000000000000000000e+00
4.664347156896838875e+00 -2.299226134600472982e+00 0.000000000000000000e+00
4.779541431733939305e+00 -2.048903419947766480e+00 0.000000000000000000e+00
4.881320821061412296e+00 -1.792829998457919460e+00 0.000000000000000000e+00
4.969399276392675979e+00 -1.531724458921452037e+00 0.000000000000000000e+00
5.043529243818898777e+00 -1.266319565920247969e+00 0.000000000000000000e+00
5.103502372206282445e+00 -9.973601994548161320e-01 0.000000000000000000e+00
5.149150102198531975e+00 -7.256012617630941408e-01 0.000000000000000000e+00
5.180344136175478731e+00 -4.518055496466290011e-01 0.000000000000000000e+00
5.196996798175870680e+00 -1.767416015750560565e-01 0.000000000000000000e+00
5.199061282506974635e+00 9.881846975749676576e-02 0.000000000000000000e+00
5.186531787122209636e+00 3.741011536642764312e-01 0.000000000000000000e+00
5.159443530342217699e+00 6.483337212774434866e-01 0.000000000000000000e+00
5.117872650748148899e+00 9.207464031182299724e-01 0.000000000000000000e+00
5.061935990667050689e+00 1.190574558636819269e+00 0.000000000000000000e+00
4.991790764976813399e+00 1.457060832606216882e+00 0.000000000000000000e+00
4.907634119459552302e+00 1.719457292599298137e+00 0.000000000000000000e+00
4.809702579860887006e+00 1.977027536631809301e+00 0.000000000000000000e+00
4.698271382718158584e+00 2.229048761954820712e+00 0.000000000000000000e+00
4.573653688834386166e+00 2.474813796964205892e+00 0.000000000000000000e+00
4.436199692092336555e+00 2.713633092537024449e+00 0.000000000000000000e+00
4.286295627656726559e+00 2.944836663214970507e+00 0.000000000000000000e+00
4.124362679549532729e+00 3.167775971588718154e+00 0.000000000000000000e+00
3.950855789490705483e+00 3.381825750853861834e+00 0.000000000000000000e+00
3.766262370168443230e+00 3.586385760656016330e+00 0.000000000000000000e+00
3.571100926542530640e+00 3.780882471755503182e+00 0.000000000000000000e+00
3.365919589593354466e+00 3.964770676403143845e+00 0.000000000000000000e+00
3.151294569493384490e+00 4.137535021850097472e+00 0.000000000000000000e+00
2.927828534712826336e+00 4.298691457817780837e+00 0.000000000000000000e+00
2.696148913839187866e+00 4.447788586223469842e+00 0.000000000000000000e+00
2.456906120956290351e+00 4.584408916489573826e+00 0.000000000000000000e+00
2.210771717536816006e+00 4.708170029542933399e+00 0.000000000000000000e+00
1.958436518797062043e+00 4.818725644456038459e+00 0.000000000000000000e+00
1.700608648043205440e+00 4.915766582497578696e+00 0.000000000000000000e+00
1.438011543418122207e+00 4.999021625622155796e+00 0.000000000000000000e+00
1.171381922358977423e+00 5.068258267168939568e+00 0.000000000000000000e+00
9.014677091578483514e-01 5.123283353159514775e+00 0.000000000000000000e+00
6.290259309924104425e-01 5.163943614273425631e+00 0.000000000000000000e+00
3.548205899112500394e-01 5.190126090175676055e+00 0.000000000000000000e+00
7.962052110942831329e-02 5.201758441215146966e+00 0.000000000000000000e+00
-1.958027597995003199e-01 5.198809136355941440e+00 0.000000000000000000e+00
-4.706772211865721811e-01 5.181287522108947385e+00 0.000000000000000000e+00
-7.442324818116147211e-01 5.149243781504844186e+00 0.000000000000000000e+00
-1.015701969761002132e+00 5.102768781858531888e+00 0.000000000000000000e+00
-1.284325068360345989e+00 5.041993809074964084e+00 0.000000000000000000e+00
-1.549349243813602506e+00 4.967090188564418973e+00 0.000000000000000000e+00
-1.810032148998781842e+00 4.878268793843399287e+00 0.000000000000000000e+00
-2.065643698183982302e+00 4.775779444465623413e+00 0.000000000000000000e+00
-2.315468108372520373e+00 4.659910196445297359e+00 0.000000000000000000e+00
-2.558805901685176298e+00 4.530986530703463799e+00 0.000000000000000000e+00
-2.794975857102475203e+00 4.389370440103565585e+00 0.000000000000000000e+00
-3.023316904345850098e+00 4.235459407170931279e+00 0.000000000000000000e+00
-3.243189963332709702e+00 4.069685277543746871e+00 0.000000000000000000e+00
-3.453979725258256916e+00 3.892513041565069720e+00 0.000000000000000000e+00
-3.655096366842507827e+00 3.704439527449468805e+00 0.000000000000000000e+00
-3.845977192127421507e+00 3.505992007189225212e+00 0.000000000000000000e+00
-4.026088197550675041e+00 3.297726718161485771e+00 0.000000000000000000e+00
-4.194925556277437906e+00 3.080227304324159920e+00 0.000000000000000000e+00
-4.352017018418018246e+00 2.854103181163326397e+00 0.000000000000000000e+00
-4.496923225429725335e+00 2.619987829426220660e+00 0.000000000000000000e+00
-4.629238936741312926e+00 2.378537025454698917e+00 0.000000000000000000e+00
-4.748594158366581830e+00 2.130427014277828768e+00 0.000000000000000000e+00
-4.854655164152236857e+00 1.876352622241622470e+00 0.000000000000000000e+00
-4.947125416064990233e+00 1.617025312607400345e+00 0.000000000000000000e+00
-5.025746386003334898e+00 1.353171196601267168e+00 0.000000000000000000e+00
-5.090298273692151376e+00 1.085529006794832441e+00 0.000000000000000000e+00
-5.140600616766294984e+00 8.148480367675869918e-01 0.000000000000000000e+00
-5.176512791110011058e+00 5.418860518703357831e-01 0.000000000000000000e+00
-5.197934400177389946e+00 2.674071764868501955e-01 0.000000000000000000e+00
-5.204805552759259157e+00 -7.820236969822499593e-03 0.000000000000000000e+00
-5.197107030641740621e+00 -2.830257521787219455e-01 0.000000000000000000e+00
-5.174860348494337181e+00 -5.574389982023016943e-01 0.000000000000000000e+00
-5.138127699735527187e+00 -8.302918134132372119e-01 0.000000000000000000e+00
-5.087011779484573282e+00 -1.100820382564241307e+00 0.000000000000000000e+00
-5.021655492910759300e+00 -1.368267366981153810e+00 0.000000000000000000e+00
-4.942241556929561241e+00 -1.631884018337303122e+00 0.000000000000000000e+00
-4.848991993982047610e+00 -1.890932267616155293e+00 0.000000000000000000e+00
-4.742167516888986967e+00 -2.144686783918701156e+00 0.000000000000000000e+00
-4.622066805809881274e+00 -2.392436997974820567e+00 0.000000000000000000e+00
-4.489025679134992508e+00 -2.633489085115220174e+00 0.000000000000000000e+00
-4.343416160705162454e+00 -2.867167903060151346e+00 0.000000000000000000e+00
-4.185645447513356210e+00 -3.092818880996255348e+00 0.000000000000000000e+00
-4.016154784097475172e+00 -3.309809854025793641e+00 0.000000000000000000e+00
-3.835418243145650941e+00 -3.517532830402705812e+00 0.000000000000000000e+00
-3.643941405981823145e+00 -3.715405686601703117e+00 0.000000000000000000e+00
-3.442259951112761840e+00 -3.902873794586689371e+00 0.000000000000000000e+00
-3.230938162103590638e+00 -4.079411576750575641e+00 0.000000000000000000e+00
-3.010567357841808622e+00 -4.244523980847901612e+00 0.000000000000000000e+00
-2.781764247358117448e+00 -4.397747869978377189e+00 0.000000000000000000e+00
-2.545169212962051564e+00 -4.538653323818543583e+00 0.000000000000000000e+00
-2.301444526110737243e+00 -4.666844847642103389e+00 0.000000000000000000e+00
-2.051272500580422875e+00 -4.781962486563593018e+00 0.000000000000000000e+00
-1.795353588538055156e+00 -4.883682844369862330e+00 0.000000000000000000e+00
-1.534404428195961456e+00 -4.971720004806251758e+00 0.000000000000000000e+00
-1.269155848861103886e+00 -5.045826343765527966e+00 0.000000000000000000e+00
-1.000350830597497964e+00 -5.105793226032998788e+00 0.000000000000000000e+00
-7.287424241217715926e-01 -5.151451595074766132e+00 0.000000000000000000e+00
-4.550916427681244159e-01 -5.182672457200081517e+00 0.000000000000000000e+00
-1.801653329510944368e-01 -5.199367255212295369e+00 0.000000000000000000e+00
9.526597226006094932e-02 -5.201488128744801820e+00 0.000000000000000000e+00
3.704302110843290530e-01 -5.189028060178637602e+00 0.000000000000000000e+00
6.445559568092742442e-01 -5.162020905660484438e+00 0.000000000000000000e+00
9.168745821332406898e-01 -5.120541311654832839e+00 0.000000000000000000e+00
1.186622418849578864e+00 -5.064704519752785572e+00 0.000000000000000000e+00
1.453042903877894254e+00 -4.994666062325050504e+00 0.000000000000000000e+00
1.715388700705177349e+00 -4.910621341634453962e+00 0.000000000000000000e+00
1.972923795858819718e+00 -4.812805086754736728e+00 0.000000000000000000e+00
2.224925569480415088e+00 -4.701490699287554698e+00 0.000000000000000000e+00
2.470686830408016288e+00 -4.576989494582992535e+00 0.000000000000000000e+00
2.709517807929301636e+00 -4.439649837729406912e+00 0.000000000000000000e+00
2.940748094804901847e+00 -4.289856174725101390e+00 0.000000000000000000e+00
3.163728536372942379e+00 -4.128027960994463008e+00 0.000000000000000000e+00
3.377833060671009413e+00 -3.954618490051970969e+00 0.000000000000000000e+00
3.582460445439987762e+00 -3.770113625717071315e+00 0.000000000000000000e+00
3.777036019087428365e+00 -3.575030443335324826e+00 0.000000000000000000e+00
3.961013288810403488e+00 -3.369915787052125911e+00 0.000000000000000000e+00
4.133875482590041450e+00 -3.155344742096639621e+00 0.000000000000000000e+00
4.295137002985938146e+00 -2.931919018337610705e+00 0.000000000000000000e+00
4.444344797566909477e+00 -2.700265255877816184e+00 0.000000000000000000e+00
4.581079640920477480e+00 -2.461033262993639337e+00 0.000000000000000000e+00
4.704957321463860254e+00 -2.214894189918369172e+00 0.000000000000000000e+00
4.815629728930660214e+00 -1.962538641988784693e+00 0.000000000000000000e+00
4.912785839434265611e+00 -1.704674736974074456e+00 0.000000000000000000e+00
4.996152595483470904e+00 -1.442026111806266497e+00 0.000000000000000000e+00
5.065495679541180962e+00 -1.175329883925228414e+00 0.000000000000000000e+00
5.120620181837251650e+00 -9.053345737046727404e-01 0.000000000000000000e+00
5.161371159974541101e+00 -6.327979978515092530e-01 0.000000000000000000e+00
5.187634078301352147e+00 -3.584851394257596580e-01 0.000000000000000000e+00
5.199335124940303920e+00 -8.316599254537730690e-02 0.000000000000000000e+00
5.196441416490244158e+00 1.923866108360591243e-01 0.000000000000000000e+00
5.178961091013858820e+00 4.673991808941378445e-01 0.000000000000000000e+00
5.146943285706520044e+00 7.410997502621186062e-01 0.000000000000000000e+00
5.100477998003644764e+00 1.012720049466655059e+00 0.000000000000000000e+00
5.039695830334324000e+00 1.281497671690962070e+00 0.000000000000000000e+00
4.964767619326856618e+00 1.546678221082181448e+00 0.000000000000000000e+00
4.875903951382495549e+00 1.807517439545617499e+00 0.000000000000000000e+00
4.773354569052465912e+00 2.063283306864828859e+00 0.000000000000000000e+00
4.657407671102502533e+00 2.313258104018995009e+00 0.000000000000000000e+00
4.528389098716536054e+00 2.556740429035882389e+00 0.000000000000000000e+00
4.386661406550402376e+00 2.793047166641242640e+00 0.000000000000000000e+00
4.232622831458304091e+00 3.021515410189425932e+00 0.000000000000000000e+00
4.066706164743433050e+00 3.241504326742290054e+00 0.000000000000000000e+00
3.889377528425927988e+00 3.452396958332498489e+00 0.000000000000000000e+00
3.701135057593583522e+00 3.653601954479014147e+00 0.000000000000000000e+00
3.502507492289736568e+00 3.844555231325477163e+00 0.000000000000000000e+00
3.294052682843715107e+00 4.024721553148350672e+00 0.000000000000000000e+00
3.076356013140435497e+00 4.193596033289243685e+00 0.000000000000000000e+00
2.850028748644192866e+00 4.350705552649720254e+00 0.000000000000000000e+00
2.615706316867454362e+00 4.495610088167165230e+00 0.000000000000000000e+00
2.374046518964896268e+00 4.627903938657894400e+00 0.000000000000000000e+00
2.125727671620535109e+00 4.747216849813192141e+00 0.000000000000000000e+00
1.871446691350230340e+00 4.853215043503033677e+00 0.000000000000000000e+00
1.611917130442672264e+00 4.945602146524760379e+00 0.000000000000000000e+00
1.347867168578912311e+00 5.024120013553084796e+00 0.000000000000000000e+00
1.080037564610480949e+00 5.088549441515510807e+00 0.000000000000000000e+00
8.091795739033194046e-01 5.138710773531418141e+00 0.000000000000000000e+00
5.360528367602079847e-01 5.174464391132271857e+00 0.000000000000000000e+00
2.614232432296148545e-01 5.195711095005150604e+00 0.000000000000000000e+00
-1.393921878030968987e-02 5.202392376525589057e+00 0.000000000000000000e+00
-2.892626214633671755e-01 5.194490577123941577e+00 0.000000000000000000e+00
-5.637752563735584088e-01 5.172028924273876171e+00 0.000000000000000000e+00
-8.367077965280150798e-01 5.135071446774307269e+00 0.000000000000000000e+00
-1.107295453337070246e+00 5.083722779854554119e+00 0.000000000000000000e+00
-1.374780118386879080e+00 5.018127860387112449e+00 0.000000000000000000e+00
-1.638412484136500646e+00 4.938471510168319867e+00 0.000000000000000000e+00
-1.897454138344025099e+00 4.844977907539169237e+00 0.000000000000000000e+00
-2.151179626768128017e+00 4.737909948775075542e+00 0.000000000000000000e+00
-2.398878478980123852e+00 4.617568501203610509e+00 0.000000000000000000e+00
-2.639857193154023562e+00 4.484291551280881194e+00 0.000000000000000000e+00
-2.873441175107380730e+00 4.338453253406583165e+00 0.000000000000000000e+00
-3.098976620635453649e+00 4.180462882009752690e+00 0.000000000000000000e+00
-3.315832331991689585e+00 4.010763679744654198e+00 0.000000000000000000e+00
-3.523401471865263090e+00 3.829831604593584959e+00 0.000000000000000000e+00
-3.721103253053790638e+00 3.638173988890760047e+00 0.000000000000000000e+00
-3.908384555634120794e+00 3.436328115170637076e+00 0.000000000000000000e+00
-4.084721465825873921e+00 3.224859710324800233e+00 0.000000000000000000e+00
-4.249620732446174109e+00 3.004361361166704825e+00 0.000000000000000000e+00
-4.402621137213259317e+00 2.775450855524714378e+00 0.000000000000000000e+00
-4.543294775735315483e+00 2.538769453239120288e+00 0.000000000000000000e+00
-4.671248247652282082e+00 2.294980092033592101e+00 0.000000000000000000e+00
-4.786123754923217177e+00 2.044765535849574434e+00 0.000000000000000000e+00
-4.887600099605846182e+00 1.788826473238054104e+00 0.000000000000000000e+00
-4.975393570285727485e+00 1.527879564040313110e+00 0.000000000000000000e+00
-5.049258722555939549e+00 1.262655435811595117e+00 0.000000000000000000e+00
-5.108989058216769408e+00 9.938966420610975128e-01 0.000000000000000000e+00
-5.154417598612163864e+00 7.223555902687801566e-01 0.000000000000000000e+00
-5.185417348210535238e+00 4.487924439528839793e-01 0.000000000000000000e+00
-5.201901646725539230e+00 1.739730036351870568e-01 0.000000000000000000e+00
-5.203824408853315653e+00 -1.013334278400092325e-01 0.000000000000000000e+00
-5.191180251360984599e+00 -3.763561903241677276e-01 0.000000000000000000e+00
-5.164004509069398452e+00 -6.503254167447849454e-01 0.000000000000000000e+00
-5.122373142860293882e+00 -9.224741816149804041e-01 0.000000000000000000e+00
-5.066402535555758035e+00 -1.192040636577670343e+00 0.000000000000000000e+00
-4.996249165983655871e+00 -1.458270129534527060e+00 0.000000000000000000e+00
-4.912109167842709567e+00 -1.720417308696235992e+00 0.000000000000000000e+00
-4.814217783081286228e+00 -1.977748203346430866e+00 0.000000000000000000e+00
-4.702848709701195951e+00 -2.229542272422532889e+00 0.000000000000000000e+00
-4.578313343134226443e+00 -2.475094415330901576e+00 0.000000000000000000e+00
-4.440959912448052549e+00 -2.713716939956077212e+00 0.000000000000000000e+00
-4.291172513544714739e+00 -2.944741482747783579e+00 0.000000000000000000e+00
-4.129370042004550712e+00 -3.167520876312795775e+00 0.000000000000000000e+00
-3.956005029704456888e+00 -3.381430961206600028e+00 0.000000000000000000e+00
-3.771562391810581616e+00 -3.585872337107030461e+00 0.000000000000000000e+00
-3.576558085826760713e+00 -3.780272041252226600e+00 0.000000000000000000e+00
-3.371537676437226239e+00 -3.964085147038367118e+00 0.000000000000000000e+00
-3.157074812268170216e+00 -4.136796287681920425e+00 0.000000000000000000e+00
-2.933769626806382647e+00 -4.297921102395885207e+00 0.000000000000000000e+00
-2.702247067715449980e+00 -4.447007597512977028e+00 0.000000000000000000e+00
-2.463155156955178615e+00 -4.583637417524061952e+00 0.000000000000000000e+00
-2.217163185617444299e+00 -4.707427022451782683e+00 0.000000000000000000e+00
-1.964959848125461317e+00 -4.818028768388790795e+00 0.000000000000000000e+00
-1.707251320544989737e+00 -4.915131888826072881e+00 0.000000000000000000e+00
-1.444759288436713529e+00 -4.998463376339501885e+00 0.000000000000000000e+00
-1.178218932737580715e+00 -5.067788763763442894e+00 0.000000000000000000e+00
-9.083768812172675622e-01 -5.122912794720333451e+00 0.000000000000000000e+00
-6.359891236935425463e-01 -5.163679975195996086e+00 0.000000000000000000e+00
-3.618188945621761410e-01 -5.189975014330998171e+00 0.000000000000000000e+00
-8.663453443910926199e-02 -5.201723157949702525e+00 0.000000000000000000e+00
1.887926617532688367e-01 -5.198890410563967279e+00 0.000000000000000000e+00
4.636906054283971290e-01 -5.181483643121314486e+00 0.000000000000000000e+00
7.372885783228616541e-01 -5.149550585694556482e+00 0.000000000000000000e+00
1.008819394106300393e+00 -5.103179705010533418e+00 0.000000000000000000e+00
1.277521552295459051e+00 -5.042499967505943204e+00 0.000000000000000000e+00
1.542641379553530756e+00 -4.967680490732482745e+00 0.000000000000000000e+00
1.803435150230696005e+00 -4.878930086811247513e+00 0.000000000000000000e+00
2.059171174302158125e+00 -4.776496692623625862e+00 0.000000000000000000e+00
2.309131850613191261e+00 -4.660666679678381996e+00 0.000000000000000000e+00
2.552615686261846317e+00 -4.531764053556784688e+00 0.000000000000000000e+00
2.788939273568805444e+00 -4.390149551544509698e+00 0.000000000000000000e+00
3.017439216361411880e+00 -4.236219638623424544e+00 0.000000000000000000e+00
3.237474000078455649e+00 -4.070405402415481433e+00 0.000000000000000000e+00
3.448425800678293740e+00 -3.893171349522090097e+00 0.000000000000000000e+00
3.649702227464481474e+00 -3.705014106413215380e+00 0.000000000000000000e+00
3.840737995804423655e+00 -3.506461028494150423e+00 0.000000000000000000e+00
4.020996527191884162e+00 -3.298068722714301959e+00 0.000000000000000000e+00
4.189971471254347435e+00 -3.080421491376667653e+00 0.000000000000000000e+00
4.347188136544827941e+00 -2.854129698363239598e+00 0.000000000000000000e+00
4.492204825885970365e+00 -2.619828053457483374e+00 0.000000000000000000e+00
4.624614082301381046e+00 -2.378173823831509548e+00 0.000000000000000000e+00
4.744043842262043675e+00 -2.129844984167878597e+00 0.000000000000000000e+00
4.850158489545169260e+00 -1.875538309821733307e+00 0.000000000000000000e+00
4.942659805642001913e+00 -1.615967416717184024e+00 0.000000000000000000e+00
5.021287813938651645e+00 -1.351860752939848975e+00 0.000000000000000000e+00
5.085821515394703951e+00 -1.083959547436381232e+00 0.000000000000000000e+00
5.136079514525889067e+00 -8.130157211372324166e-01 0.000000000000000000e+00
5.171920536721803074e+00 -5.397897666363493663e-01 0.000000000000000000e+00
5.193243836083373033e+00 -2.650486061580367148e-01 0.000000000000000000e+00
5.199989482861129275e+00 1.043656459767950719e-02 0.000000000000000000e+00
5.192138526160174017e+00 2.858924483046276221e-01 0.000000000000000000e+00
5.169713042355167154e+00 5.605458282296322814e-01 0.000000000000000000e+00
5.132776071890393865e+00 8.336257494758503306e-01 0.000000000000000000e+00
5.081431441327722176e+00 1.104365692211692895e+00 0.000000000000000000e+00
5.015823469563919446e+00 1.372005731561973363e+00 0.000000000000000000e+00
4.936136558786158979e+00 1.635794678453836859e+00 0.000000000000000000e+00
4.842594671363992909e+00 1.894992195675788915e+00 0.000000000000000000e+00
4.735460694806997495e+00 2.148870884148497584e+00 0.000000000000000000e+00
4.615035699330427121e+00 2.396718334779826431e+00 0.000000000000000000e+00
4.481658092360733647e+00 2.637839136785867566e+00 0.000000000000000000e+00
4.335702664240762338e+00 2.871556830572042696e+00 0.000000000000000000e+00
4.177579521954291941e+00 3.097215805180438597e+00 0.000000000000000000e+00
4.007732923229923472e+00 3.314183140878498968e+00 0.000000000000000000e+00
3.826640018679667410e+00 3.521850388574467416e+00 0.000000000000000000e+00
3.634809503110180806e+00 3.719635278806617151e+00 0.000000000000000000e+00
3.432780178232326396e+00 3.906983355446972173e+00 0.000000000000000000e+00
3.221119430482097812e+00 4.083369529760442873e+00 0.000000000000000000e+00
3.000421628147048381e+00 4.248299550814770065e+00 0.000000000000000000e+00
2.771306442402318826e+00 4.401311389461759482e+00 0.000000000000000000e+00
2.534417098848272598e+00 4.541976534613424654e+00 0.000000000000000000e+00
2.290418568054894966e+00 4.669901195902953717e+00 0.000000000000000000e+00
2.039995695907866224e+00 4.784727399759805877e+00 0.000000000000000000e+00
1.783851271715580999e+00 4.886133978747175810e+00 0.000000000000000000e+00
1.522704044883057550e+00 4.973837461042765362e+00 0.000000000000000000e+00
1.257286700496865750e+00 5.047592856702048714e+00 0.000000000000000000e+00
9.883437984678827837e-01 5.107194335523518092e+00 0.000000000000000000e+00
7.166296807803353985e-01 5.152475793906059920e+00 0.000000000000000000e+00
4.429063523159645355e-01 5.183311309202342620e+00 0.000000000000000000e+00
1.679413408615769432e-01 5.199615480632651554e+00 0.000000000000000000e+00
-1.074944584266373931e-01 5.201343657174095192e+00 0.000000000000000000e+00
-3.826289477418735041e-01 5.188492055120462965e+00 0.000000000000000000e+00
-6.566909900023871760e-01 5.161097764290891732e+00 0.000000000000000000e+00
-9.289125640720716781e-01 5.119238632203923167e+00 0.000000000000000000e+00
-1.198530913660512898e+00 5.063033026615602061e+00 0.000000000000000000e+00
-1.464790683830690332e+00 4.992639487958058453e+00 0.000000000000000000e+00
-1.726946034893093840e+00 4.908256273701493200e+00 0.000000000000000000e+00
-1.984262727320778019e+00 4.810120792906065645e+00 0.000000000000000000e+00
-2.236020172552916296e+00 4.698508931412753498e+00 0.000000000000000000e+00
-2.481513444376834521e+00 4.573734269434762467e+00 0.000000000000000000e+00
-2.720055245823500112e+00 4.436147193829527602e+00 0.000000000000000000e+00
-2.950977827577341728e+00 4.286133908369527568e+00 0.000000000000000000e+00
-3.173634853946730949e+00 4.124115347885501492e+00 0.000000000000000000e+00
-3.387403206468915684e+00 3.950546000527878299e+00 0.000000000000000000e+00
-3.591684714370232179e+00 3.765912632267308435e+00 0.000000000000000000e+00
-3.785907814533575166e+00 3.570732914256083745e+00 0.000000000000000000e+00
-3.969529141370228942e+00 3.365553966131987984e+00 0.000000000000000000e+00
-4.142035038968386651e+00 3.150950821703423443e+00 0.000000000000000000e+00
-4.302942989520796679e+00 2.927524818914093885e+00 0.000000000000000000e+00
-4.451802954081243158e+00 2.695901917304735829e+00 0.000000000000000000e+00
-4.588198622197862342e+00 2.456730947296641876e+00 0.000000000000000000e+00
-4.711748567494817408e+00 2.210681795879974931e+00 0.000000000000000000e+00
-4.822107307820148847e+00 1.958443533646827772e+00 0.000000000000000000e+00
-4.918966269739289743e+00 1.700722490426851641e+00 0.000000000000000000e+00
-5.002054650483402476e+00 1.438240288182347948e+00 0.000000000000000000e+00
-5.071140165521422993e+00 1.171731831216657360e+00 0.000000000000000000e+00
-5.126029685618945564e+00 9.019432534920888145e-01 0.000000000000000000e+00
-5.166569770067163780e+00 6.296298342338314535e-01 0.000000000000000000e+00
-5.192647092642870277e+00 3.555538907898821988e-01 0.000000000000000000e+00
-5.204188756443745234e+00 8.048265342083063545e-02 0.000000000000000000e+00
-5.201162496097910370e+00 -1.948138731141901558e-01 0.000000000000000000e+00
-5.183576766775427558e+00 -4.695650556909657936e-01 0.000000000000000000e+00
-5.151480720028476235e+00 -7.430017813073508393e-01 0.000000000000000000e+00
-5.104964068096487395e+00 -1.014358603076033871e+00 0.000000000000000000e+00
-5.044156840385412011e+00 -1.282875877223170535e+00 0.000000000000000000e+00
-4.969229030079882037e+00 -1.547801879869959985e+00 0.000000000000000000e+00
-4.880390121021077832e+00 -1.808394898064754397e+00 0.000000000000000000e+00
-4.777888499408638801e+00 -2.063925297246198554e+00 0.000000000000000000e+00
-4.662010761462189734e+00 -2.313677558621205499e+00 0.000000000000000000e+00
-4.533080918339980947e+00 -2.556952277236564708e+00 0.000000000000000000e+00
-4.391459497676893697e+00 -2.793068114876343433e+00 0.000000000000000000e+00
-4.237542543199324108e+00 -3.021363702843510080e+00 0.000000000000000000e+00
-4.071760514902295292e+00 -3.241199489663995070e+00 0.000000000000000000e+00
-3.894577092713953359e+00 -3.451959529236096280e+00 0.000000000000000000e+00
-3.706487887769018386e+00 -3.653053206295181266e+00 0.000000000000000000e+00
-3.508019068066693613e+00 -3.843916895386858990e+00 0.000000000000000000e+00
-3.299725902177299997e+00 -4.024015542114605104e+00 0.000000000000000000e+00
-3.082191215420242880e+00 -4.192844157552260143e+00 0.000000000000000000e+00
-2.856023762465548010e+00 -4.349929230649155265e+00 0.000000000000000000e+00
-2.621856529125550672e+00 -4.494830058230198766e+00 0.000000000000000000e+00
-2.380344968859120502e+00 -4.627139985375849029e+00 0.000000000000000000e+00
-2.132165176693764597e+00 -4.746487551047153808e+00 0.000000000000000000e+00
-1.878012004611349317e+00 -4.852537535588467676e+00 0.000000000000000000e+00
-1.618597123247609959e+00 -4.944991907245146479e+00 0.000000000000000000e+00
-1.354647034834538744e+00 -5.023590665543514966e+00 0.000000000000000000e+00
-1.086901042686935437e+00 -5.088112581262672407e+00 0.000000000000000000e+00
-8.161091853602573387e-01 -5.138375833201448195e+00 0.000000000000000000e+00
-5.430301444084579821e-01 -5.174238533348391123e+00 0.000000000000000000e+00
-2.684291253876335825e-01 -5.195599130570443869e+00 0.000000000000000000e+00
6.924286254742620210e-03 -5.202396700065266444e+00 0.000000000000000000e+00
2.822582831050767793e-01 -5.194611124265502866e+00 0.000000000000000000e+00
5.568009993068643304e-01 -5.172263161797619802e+00 0.000000000000000000e+00
8.297826745894747447e-01 -5.135414401851185140e+00 0.000000000000000000e+00
1.100437813425088951e+00 -5.084167103436859847e+00 0.000000000000000000e+00
1.368007333582796026e+00 -5.018663919814822627e+00 0.000000000000000000e+00
1.631740698732169648e+00 -4.939087509063920578e+00 0.000000000000000000e+00
1.890898030417930809e+00 -4.845660033688261592e+00 0.000000000000000000e+00
2.144752192182221684e+00 -4.738642553812185021e+00 0.000000000000000000e+00
2.392590833559955499e+00 -4.618334310868862147e+00 0.000000000000000000e+00
2.633718389855165487e+00 -4.485071893873695537e+00 0.000000000000000000e+00
2.867458039903100442e+00 -4.339228296601926438e+00 0.000000000000000000e+00
3.093153614703004983e+00 -4.181211875975123782e+00 0.000000000000000000e+00
3.310171448332498656e+00 -4.011465212927562085e+00 0.000000000000000000e+00
3.517902165523369984e+00 -3.830463876550284308e+00 0.000000000000000000e+00
3.715762401062879583e+00 -3.638715094209603151e+00 0.000000000000000000e+00
3.903196446346111070e+00 -3.436756331130446984e+00 0.000000000000000000e+00
4.079677819191227961e+00 -3.225153783315402478e+00 0.000000000000000000e+00
4.244710754665899977e+00 -3.004500789073232259e+00 0.000000000000000000e+00
4.397831612868130513e+00 -2.775416167142328305e+00 0.000000000000000000e+00
4.538610191142919525e+00 -2.538542484807659427e+00 0.000000000000000000e+00
4.666650934307337906e+00 -2.294544251735587181e+00 0.000000000000000000e+00
4.781594049560794701e+00 -2.044106046610001837e+00 0.000000000000000000e+00
4.883116524852302298e+00 -1.787930588860076053e+00 0.000000000000000000e+00
4.970933044253603939e+00 -1.526736760895208267e+00 0.000000000000000000e+00
5.044796796317772447e+00 -1.261257584744557070e+00 0.000000000000000000e+00
5.104500172965384053e+00 -9.922381581734754930e-01 0.000000000000000000e+00
5.149875356993502962e+00 -7.204335558486060220e-01 0.000000000000000000e+00
5.180794797257124884e+00 -4.466067009744746907e-01 0.000000000000000000e+00
5.197171572793599204e+00 -1.715262132398979733e-01 0.000000000000000000e+00
5.198959646525694644e+00 1.040357576030902786e-01 0.000000000000000000e+00
5.186153999182447016e+00 3.793057032904083026e-01 0.000000000000000000e+00
5.158790637096717369e+00 6.535109343584487585e-01 0.000000000000000000e+00
5.116946484128363615e+00 9.258817599782631635e-01 0.000000000000000000e+00
5.060739162532613911e+00 1.195653659210144992e+00 0.000000000000000000e+00
4.990326660286944715e+00 1.462069435971540265e+00 0.000000000000000000e+00
4.905906883952371622e+00 1.724381352299497738e+00 0.000000000000000000e+00
4.807717097977127096e+00 1.981853234299505662e+00 0.000000000000000000e+00
4.696033252034003347e+00 2.233762545117385478e+00 0.000000000000000000e+00
4.571169198757767838e+00 2.479402419996000972e+00 0.000000000000000000e+00
4.433475806465806635e+00 2.718083659242120920e+00 0.000000000000000000e+00
4.283339972338965573e+00 2.949136671135311527e+00 0.000000000000000000e+00
4.121183532419502527e+00 3.171913352104552608e+00 0.000000000000000000e+00
3.947462063781850272e+00 3.385788902481750906e+00 0.000000000000000000e+00
3.762663590208493947e+00 3.590163580256095166e+00 0.000000000000000000e+00
3.567307200733340622e+00 3.784464385715598844e+00 0.000000000000000000e+00
3.361941582983240639e+00 3.968146669500365320e+00 0.000000000000000000e+00
3.147143473702401995e+00 4.140695659252553007e+00 0.000000000000000000e+00
2.923516030397140142e+00 4.301627900785184977e+00 0.000000000000000000e+00
2.691687128565885434e+00 4.450492610043590425e+00 0.000000000000000000e+00
2.452307589245072084e+00 4.586872933258641538e+00 0.000000000000000000e+00
2.206049343213076330e+00 4.710387114481592974e+00 0.000000000000000000e+00
1.953603540821682083e+00 4.820689566250913494e+00 0.000000000000000000e+00
1.695678610425611188e+00 4.917471830631772178e+00 0.000000000000000000e+00
1.432998262726788097e+00 5.000463428301906710e+00 0.000000000000000000e+00
1.166299450124103076e+00 5.069432603840192897e+00 0.000000000000000000e+00
8.963302922933252814e-01 5.124186965645309400e+00 0.000000000000000000e+00
6.238479733417995332e-01 5.164574015478541114e+00 0.000000000000000000e+00
3.496166151631841523e-01 5.190481565158903798e+00 0.000000000000000000e+00
7.440513248880287200e-02 5.201838039271314607e+00 0.000000000000000000e+00
-2.010149246890350905e-01 5.198612663314915672e+00 0.000000000000000000e+00
-4.758715360664991789e-01 5.180815537895645306e+00 0.000000000000000000e+00
-7.493943775129686680e-01 5.148497601952979785e+00 0.000000000000000000e+00
-1.020816978980509715e+00 5.101750485761174403e+00 0.000000000000000000e+00
-1.289378865181441958e+00 5.040706244103457578e+00 0.000000000000000000e+00
-1.554327680541775392e+00 4.965536967751551067e+00 0.000000000000000000e+00
-1.814921294465591250e+00 4.876454285231034191e+00 0.000000000000000000e+00
-2.070429876765361055e+00 4.773708758780101036e+00 0.000000000000000000e+00
-2.320137936435949566e+00 4.657589173198048549e+00 0.000000000000000000e+00
-2.563346318673695112e+00 4.528421718187017220e+00 0.000000000000000000e+00
-2.799374154997806841e+00 4.386569066258178218e+00 0.000000000000000000e+00
-3.027560761538637291e+00 4.232429348803543157e+00 0.000000000000000000e+00
-3.247267481613857587e+00 4.066435033763170281e+00 0.000000000000000000e+00
-3.457879469305896514e+00 3.889051710739571011e+00 0.000000000000000000e+00
-3.658807405370355426e+00 3.700776789213826135e+00 0.000000000000000000e+00
-3.849489133476632130e+00 3.502138105697563120e+00 0.000000000000000000e+00
-4.029391218172454714e+00 3.293692438518793786e+00 0.000000000000000000e+00
-4.198010427077049300e+00 3.076023942833304936e+00 0.000000000000000000e+00
-4.354875130579573650e+00 2.849742513827705714e+00 0.000000000000000000e+00
-4.499546612878114971e+00 2.615482080537384402e+00 0.000000000000000000e+00
-4.631620290534245399e+00 2.373898833603446779e+00 0.000000000000000000e+00
-4.750726835390186586e+00 2.125669391467511993e+00 0.000000000000000000e+00
-4.856533199181679805e+00 1.871488909783526999e+00 0.000000000000000000e+00
-4.948743538608888493e+00 1.612069138988098560e+00 0.000000000000000000e+00
-5.027100041268597330e+00 1.348136436898242918e+00 0.000000000000000000e+00
-5.091383647395799628e+00 1.080429745670579589e+00 0.000000000000000000e+00
-5.141414655162165559e+00 8.096985352198681207e-01 0.000000000000000000e+00
-5.177053211441917213e+00 5.367007116928332877e-01 0.000000000000000000e+00
-5.198199696435322537e+00 2.622005008286458771e-01 0.000000000000000000e+00
-5.204795000137779404e+00 -1.303368395959920122e-02 0.000000000000000000e+00
-5.196820686899129349e+00 -2.882313836299408294e-01 0.000000000000000000e+00
-5.174299046749183617e+00 -5.626222407974902362e-01 0.000000000000000000e+00
-5.137293033262956499e+00 -8.354381467781367698e-01 0.000000000000000000e+00
-5.085906088303887351e+00 -1.105915382988336804e+00 0.000000000000000000e+00
-5.020281855383772474e+00 -1.373296751943372751e+00 0.000000000000000000e+00
-4.940603785739822840e+00 -1.636833692062180878e+00 0.000000000000000000e+00
-4.847094637102203230e+00 -1.895788365324799329e+00 0.000000000000000000e+00
-4.740015855722046645e+00 -2.149435710207141081e+00 0.000000000000000000e+00
-4.619666843968006198e+00 -2.397065462329170948e+00 0.000000000000000000e+00
-4.486384125599929718e+00 -2.637984138258946398e+00 0.000000000000000000e+00
-4.340540411583936553e+00 -2.871516973168918074e+00 0.000000000000000000e+00
-4.182543566107344901e+00 -3.097009806154842337e+00 0.000000000000000000e+00
-4.012835474429236271e+00 -3.313830908365123840e+00 0.000000000000000000e+00
-3.831890815356432611e+00 -3.521372749158349968e+00 0.000000000000000000e+00
-3.640215741551762196e+00 -3.719053695936013870e+00 0.000000000000000000e+00
-3.438346471815008076e+00 -3.906319644661708779e+00 0.000000000000000000e+00
-3.226847802117976283e+00 -4.082645578154408206e+00 0.000000000000000000e+00
-3.006311540775004065e+00 -4.247537042140415942e+00 0.000000000000000000e+00
-2.777354863405991470e+00 -4.400531528251451441e+00 0.000000000000000000e+00
-2.540618589532690486e+00 -4.541199768100225853e+00 0.000000000000000000e+00
-2.296765393603400263e+00 -4.669146940242771215e+00 0.000000000000000000e+00
-2.046477957300880668e+00 -4.784013783446346757e+00 0.000000000000000000e+00
-1.790457066216209148e+00 -4.885477611028794520e+00 0.000000000000000000e+00
-1.529419655048664284e+00 -4.973253223099068698e+00 0.000000000000000000e+00
-1.264096806357068781e+00 -5.047093714159694322e+00 0.000000000000000000e+00
-9.952317079666299637e-01 -5.106791174170621339e+00 0.000000000000000000e+00
-7.235775742467385196e-01 -5.152177282943534387e+00 0.000000000000000000e+00
-4.498955389176119146e-01 -5.183123798947839589e+00 0.000000000000000000e+00
-1.749525292963124701e-01 -5.199542936077046207e+00 0.000000000000000000e+00
1.004808765366799334e-01 -5.201387617427763566e+00 0.000000000000000000e+00
3.756326096171062612e-01 -5.188651611867355129e+00 0.000000000000000000e+00
6.497312766812000095e-01 -5.161369561092584490e+00 0.000000000000000000e+00
9.220083244318545423e-01 -5.119616894904917004e+00 0.000000000000000000e+00
1.191700196072020601e+00 -5.063509632177104258e+00 0.000000000000000000e+00
1.458050474746732661e+00 -4.993204067248817601e+00 0.000000000000000000e+00
1.720312008188455533e+00 -4.908896342416734448e+00 0.000000000000000000e+00
1.977749009209509579e+00 -4.810821907796569263e+00 0.000000000000000000e+00
2.229639127550675504e+00 -4.699254871523128152e+00 0.000000000000000000e+00
2.475275486793123036e+00 -4.574507245445956549e+00 0.000000000000000000e+00
2.713968674099299871e+00 -4.436928085457639170e+00 0.000000000000000000e+00
2.945048676564774315e+00 -4.286902518318418842e+00 0.000000000000000000e+00
3.167866767253137539e+00 -4.124850661343780089e+00 0.000000000000000000e+00
3.381797335576737229e+00 -3.951226446634429568e+00 0.000000000000000000e+00
3.586239653293854968e+00 -3.766516352397325740e+00 0.000000000000000000e+00
3.780619570343869196e+00 -3.571238042404750068e+00 0.000000000000000000e+00
3.964391135869628435e+00 -3.365938916513722123e+00 0.000000000000000000e+00
4.137038139994898778e+00 -3.151194576053264029e+00 0.000000000000000000e+00
4.298075572635024599e+00 -2.927607208203939493e+00 0.000000000000000000e+00
4.447050997327854915e+00 -2.695803894570312220e+00 0.000000000000000000e+00
4.583545837260379230e+00 -2.456434852015989101e+00 0.000000000000000000e+00
4.707176562066643477e+00 -2.210171611146531934e+00 0.000000000000000000e+00
4.817595766918312705e+00 -1.957705128821072948e+00 0.000000000000000000e+00
4.914493150609748895e+00 -1.699743839664487277e+00 0.000000000000000000e+00
4.997596393622329103e+00 -1.437011659269469277e+00 0.000000000000000000e+00
5.066671930187397699e+00 -1.170245945585275837e+00 0.000000000000000000e+00
5.121525610360275316e+00 -9.001954226364128342e-01 0.000000000000000000e+00
5.162003249954829620e+00 -6.276180717245170015e-01 0.000000000000000000e+00
5.187991066820133668e+00 -3.532789958121975160e-01 0.000000000000000000e+00
5.199416002781727109e+00 -7.794826261349852015e-02 0.000000000000000000e+00
5.196245932701708981e+00 1.976012680204911609e-01 0.000000000000000000e+00
5.178489762519137507e+00 4.725961236854896996e-01 0.000000000000000000e+00
5.146197408806354900e+00 7.462643954800115553e-01 0.000000000000000000e+00
5.099459651872085608e+00 1.017837909725594736e+00 0.000000000000000000e+00
5.038407871852843556e+00 1.286554394054878925e+00 0.000000000000000000e+00
4.963213674729712643e+00 1.551659627446170697e+00 0.000000000000000000e+00
4.874088406640415982e+00 1.812409565863195571e+00 0.000000000000000000e+00
4.771282555720049778e+00 2.068072437949654230e+00 0.000000000000000000e+00
4.655085042691232466e+00 2.317930805291101848e+00 0.000000000000000000e+00
4.525822402182838822e+00 2.561283581696067735e+00 0.000000000000000000e+00
4.383857857402656322e+00 2.797448006636453322e+00 0.000000000000000000e+00
4.229590292750026848e+00 3.025761569048240229e+00 0.000000000000000000e+00
4.063453130688071013e+00 3.245583874736207353e+00 0.000000000000000000e+00
3.885913111476482218e+00 3.456298444450656149e+00 0.000000000000000000e+00
3.697468970199035532e+00 3.657314438948330970e+00 0.000000000000000000e+00
3.498650020898019797e+00 3.848068314923724476e+00 0.000000000000000000e+00
3.290014658682791637e+00 4.028025406263032515e+00 0.000000000000000000e+00
3.072148782686034529e+00 4.196681423034457126e+00 0.000000000000000000e+00
2.845664142423606435e+00 4.353563863413517865e+00 0.000000000000000000e+00
2.611196611685090652e+00 4.498233334751156498e+00 0.000000000000000000e+00
2.369404394667768532e+00 4.630284780364015695e+00 0.000000000000000000e+00
2.120966169224512754e+00 4.749348609643726071e+00 0.000000000000000000e+00
1.866579173318359208e+00 4.855091731039559377e+00 0.000000000000000000e+00
1.606957243802081603e+00 4.947218485238658481e+00 0.000000000000000000e+00
1.342828812584070386e+00 5.025471466536362009e+00 0.000000000000000000e+00
1.074934857467112703e+00 5.089632227837434186e+00 0.000000000000000000e+00
8.040268147603627513e-01 5.139521878167212954e+00 0.000000000000000000e+00
5.308644654461111001e-01 5.175001573138716005e+00 0.000000000000000000e+00
2.562138010192000492e-01 5.195972893693737937e+00 0.000000000000000000e+00
-1.915512627835497944e-02 5.202378110759669383e+00 0.000000000000000000e+00
-2.944703633346374971e-01 5.194200335025716875e+00 0.000000000000000000e+00
-5.689602204457047119e-01 5.171463551638978196e+00 0.000000000000000000e+00
-8.418554347491012946e-01 5.134232540634434017e+00 0.000000000000000000e+00
-1.112391327443511546e+00 5.082612686278828562e+00 0.000000000000000000e+00
-1.379809945354723455e+00 5.016749677602095225e+00 0.000000000000000000e+00
-1.643362176659785678e+00 4.936829092063677926e+00 0.000000000000000000e+00
-1.902309841366527143e+00 4.843075858409286560e+00 0.000000000000000000e+00
-2.155927754701790988e+00 4.735753610538327329e+00 0.000000000000000000e+00
-2.403505753710636128e+00 4.615163938239637886e+00 0.000000000000000000e+00
-2.644350679786302116e+00 4.481645534071787118e+00 0.000000000000000000e+00
-2.877788312038688456e+00 4.335573237131104207e+00 0.000000000000000000e+00
-3.103165246544710154e+00 4.177356976061699534e+00 0.000000000000000000e+00
-3.319850716704949800e+00 4.007440614225109776e+00 0.000000000000000000e+00
-3.527238350944991385e+00 3.826300700595049786e+00 0.000000000000000000e+00
-3.724747865031658112e+00 3.634445132130969203e+00 0.000000000000000000e+00
-3.911826681723807209e+00 3.432411734362786682e+00 0.000000000000000000e+00
-4.087951465032867659e+00 3.220766758034801835e+00 0.000000000000000000e+00
-4.252629568764611179e+00 3.000103288988484440e+00 0.000000000000000000e+00
-4.405400403712797619e+00 2.771039582850832073e+00 0.000000000000000000e+00
-4.545836718030926704e+00 2.534217333926894966e+00 0.000000000000000000e+00
