-1.459251949578495023e-05
2.870403976111579330e-06
1.435739108502462295e-05
3.662906929811849474e-06
-1.482765601302451052e-05
6.533310868908349471e-06
1.412226258173049474e-05
7.325814369538403944e-06
-1.506276412795412757e-05
1.019621871144012817e-05
1.388715769192841984e-05
1.098872201484223191e-05
-1.529787519855687898e-05
1.385912618193022260e-05
1.365204562264757576e-05
1.465162979505611870e-05
4.260198414383515870e-05
1.752203452111368568e-05
1.341696135091483393e-05
1.831453808625734220e-05
4.236688689899280536e-05
2.118494236603573968e-05
1.318185794311867986e-05
2.197744559346030943e-05
4.213176725809532168e-05
2.484784956563717423e-05
1.294673528002903474e-05
2.564035269741574241e-05
4.189664791568959232e-05
2.851075689897713549e-05
1.271161723788369437e-05
3.138116115037964464e-05
4.166153275832118941e-05
3.217366440609042565e-05
1.247650383003250110e-05
3.504406869888834633e-05
4.142642784246167392e-05
3.583657223113025146e-05
1.224140594786507548e-05
3.870697697836567838e-05
4.119134232275552948e-05
3.949948092756960777e-05
1.200632944874224632e-05
4.236988607280480341e-05
4.095628516093261282e-05
4.316239099607789933e-05
6.990626053967074788e-05
4.603279740191462888e-05
4.072128895895976545e-05
4.682530246103553295e-05
6.967125134549700493e-05
4.969570828390109795e-05
4.048626552221013349e-05
5.048821315613088393e-05
6.943622119734177856e-05
5.335861867608777015e-05
4.025121651584211846e-05
5.622902408103713166e-05
6.920116627567347726e-05
5.702152859922519088e-05
4.001616475168114025e-05
5.989193435125300425e-05
6.896613244163113832e-05
6.068443953590680674e-05
3.978115690675168131e-05
6.355484575837606171e-05
6.873113179483999146e-05
6.434735069061921621e-05
3.954614315416253242e-05
6.721775649815851285e-05
6.849610670427862160e-05
6.801026145801935955e-05
9.744607730973995111e-05
7.088066750703181167e-05
6.826108679064583971e-05
7.167317244161536564e-05
9.721105403368882037e-05
7.454357827391628135e-05
6.802606181054647019e-05
7.533608269446398639e-05
9.697600019255903688e-05
7.820648767644293269e-05
6.779098549715767484e-05
7.899899151734777732e-05
9.674092110663608615e-05
8.186939616210927347e-05
6.755589770704060679e-05
8.473980077590404468e-05
9.650582818874005222e-05
8.553230418548895186e-05
6.732079594841969489e-05
8.840270824790365516e-05
9.627070993524603241e-05
8.919521121263534233e-05
6.708566858510237355e-05
9.206561485791266521e-05
9.603556462043999974e-05
9.285811713508488664e-05
6.685049688082841880e-05
9.572851991269139260e-05
9.580038035502606419e-05
9.652102178231533776e-05
1.247502573549859784e-04
9.939142449250451278e-05
9.556518444723772685e-05
1.001839262325076294e-04
1.245150600657654952e-04
1.030543289926209670e-04
9.532999584666209932e-05
1.038468309621919539e-04
1.242798760459693083e-04
1.067172334361898541e-04
9.509477940970819559e-05
1.075097344918053791e-04
1.240446335166886732e-04
1.103801363692414169e-04
9.485953139860602088e-05
1.132505379973893156e-04
1.238093788752436851e-04
1.140430387111564920e-04
9.462427062492620325e-05
1.169134401557276042e-04
1.235741156504071040e-04
1.177059406884431821e-04
9.438899737448442533e-05
1.205763417152512480e-04
1.233388209412292387e-04
1.213688417612284365e-04
9.415370615953363022e-05
1.242392431962214899e-04
1.231035507709853278e-04
1.250317437788432326e-04
1.520533910045095344e-04
1.279021452393032192e-04
1.228682774336662265e-04
1.286946453388269440e-04
1.518181037887221801e-04
1.315650464423675212e-04
1.226329848085510471e-04
1.323575462382505614e-04
1.515828004706177277e-04
1.352279469270041459e-04
1.223976737784396719e-04
1.380983477863398660e-04
1.513474941896638271e-04
1.388908472971109656e-04
1.221623492694730848e-04
1.417612474753125816e-04
1.511121534056342642e-04
1.425537466393161988e-04
1.219270020952789200e-04
1.454241464653305413e-04
1.508767983933410601e-04
1.462166453202477432e-04
1.216916392331557177e-04
1.490870449682273882e-04
1.506414243887322149e-04
1.498795432627375633e-04
1.795911997228955524e-04
1.527499423921951341e-04
1.504060223893597444e-04
1.535424404825227454e-04
1.793557978485600798e-04
1.564128399357927449e-04
1.501706301314707456e-04
1.572053379670704503e-04
1.791203935370290609e-04
1.600757364133051201e-04
1.499352006160662603e-04
1.608682339595377973e-04
1.788849687211002475e-04
1.637386327645118996e-04
1.496997851603182631e-04
1.666090317761018407e-04
1.786495664192584644e-04
1.674015297630698296e-04
1.494643784771007924e-04
1.702719282406027598e-04
1.784141301283993786e-04
1.710644256780213834e-04
1.492289332545281564e-04
1.739348241085011319e-04
1.781786915352670932e-04
1.747273216605309569e-04
1.489935097695969924e-04
1.775977207337460007e-04
1.779432879417330794e-04
1.783902188438130033e-04
2.068930534201095760e-04
1.812606174761137066e-04
1.777078685632163155e-04
1.820531149280698549e-04
2.066576174359369155e-04
1.849235133103951977e-04
1.774724237150563115e-04
1.857160111712047713e-04
2.064222071255196673e-04
1.885864107064990833e-04
1.772370409847736370e-04
1.893789091768897004e-04
2.061868246612890386e-04
1.922493085043807282e-04
1.770016531428310878e-04
1.951197078248282637e-04
